trade_date,ts_code,up_limit,down_limit
20261009,000001.SZ,12.96,10.6
20261009,000002.SZ,4.47,3.65
20261009,000006.SZ,8.25,6.75
20261009,000007.SZ,11.83,9.68
20261009,000008.SZ,2.63,2.15
20261009,000009.SZ,7.63,6.25
20261009,000010.SZ,1.55,1.27
20261009,000011.SZ,13.33,10.91
20261009,000012.SZ,4.05,3.31
20261009,000014.SZ,12.65,10.35
20261009,000016.SZ,2.71,2.21
20261009,000017.SZ,8.25,6.75
20261009,000019.SZ,7.78,6.36
20261009,000020.SZ,16.14,13.2
20261009,000021.SZ,36.43,29.81
20261009,000025.SZ,16.96,13.88
20261009,000026.SZ,19.69,16.11
20261009,000027.SZ,7.01,5.73
20261009,000028.SZ,21.73,17.78
20261009,000029.SZ,24.02,19.66
20261009,000030.SZ,4.3,3.52
20261009,000031.SZ,2.63,2.15
20261009,000032.SZ,14.22,11.64
20261009,000034.SZ,24.46,20.02
20261009,000035.SZ,5.36,4.38
20261009,000036.SZ,4.41,3.61
20261009,000037.SZ,10.11,8.27
20261009,000039.SZ,9.55,7.81
20261009,000042.SZ,9.39,7.69
20261009,000045.SZ,12.17,9.95
20261009,000048.SZ,19.6,16.04
20261009,000049.SZ,24.77,20.27
20261009,000050.SZ,6.8,5.56
20261009,000055.SZ,4.24,3.47
20261009,000056.SZ,3.05,2.49
20261009,000058.SZ,8.14,6.66
20261009,000059.SZ,6.19,5.07
20261009,000060.SZ,6.34,5.18
20261009,000061.SZ,6.6,5.4
20261009,000062.SZ,23.1,18.9
20261009,000063.SZ,32.25,26.39
20261009,000065.SZ,10.54,8.62
20261009,000066.SZ,15.24,12.47
20261009,000068.SZ,3.74,3.06
20261009,000069.SZ,2.11,1.73
20261009,000070.SZ,17.56,14.36
20261009,000078.SZ,1.62,1.32
20261009,000088.SZ,5.23,4.28
20261009,000089.SZ,7.35,6.01
20261009,000090.SZ,3.91,3.2
20261009,000096.SZ,9.02,7.38
20261009,000099.SZ,13.95,11.41
20261009,000100.SZ,5.09,4.17
20261009,000151.SZ,11.2,9.16
20261009,000153.SZ,6.68,5.46
20261009,000155.SZ,12.28,10.04
20261009,000156.SZ,7.62,6.24
20261009,000157.SZ,6.63,5.43
20261009,000158.SZ,13.9,11.38
20261009,000159.SZ,5.98,4.9
20261009,000166.SZ,4.76,3.9
20261009,000301.SZ,14.85,12.15
20261009,000333.SZ,89.91,73.57
20261009,000338.SZ,27.35,22.37
20261009,000400.SZ,23.91,19.57
20261009,000401.SZ,4.0,3.28
20261009,000402.SZ,2.94,2.4
20261009,000403.SZ,10.82,8.86
20261009,000404.SZ,7.54,6.17
20261009,000407.SZ,4.74,3.88
20261009,000408.SZ,78.97,64.61
20261009,000409.SZ,9.3,7.61
20261009,000410.SZ,5.56,4.55
20261009,000411.SZ,11.11,9.09
20261009,000415.SZ,4.38,3.58
20261009,000417.SZ,6.14,5.02
20261009,000419.SZ,5.6,4.58
20261009,000420.SZ,3.81,3.11
20261009,000421.SZ,6.39,5.23
20261009,000422.SZ,12.35,10.11
20261009,000423.SZ,51.06,41.78
20261009,000425.SZ,7.9,6.46
20261009,000426.SZ,33.77,27.63
20261009,000428.SZ,4.15,3.39
20261009,000429.SZ,13.99,11.45
20261009,000430.SZ,7.13,5.83
20261009,000488.SZ,2.3,1.88
20261009,000498.SZ,6.73,5.51
20261009,000501.SZ,7.79,6.37
20261009,000503.SZ,8.68,7.1
20261009,000504.SZ,12.6,10.31
20261009,000505.SZ,6.95,5.69
20261009,000506.SZ,18.07,14.79
20261009,000507.SZ,5.46,4.46
20261009,000509.SZ,3.74,3.06
20261009,000510.SZ,17.58,14.38
20261009,000513.SZ,32.57,26.65
20261009,000514.SZ,4.93,4.03
20261009,000516.SZ,4.81,3.93
20261009,000517.SZ,2.22,1.82
20261009,000518.SZ,4.0,3.28
20261009,000519.SZ,15.54,12.72
20261009,000520.SZ,4.46,3.65
20261009,000521.SZ,4.65,3.81
20261009,000523.SZ,3.85,3.15
20261009,000524.SZ,9.74,7.97
20261009,000525.SZ,5.03,4.11
20261009,000526.SZ,38.56,31.55
20261009,000528.SZ,8.28,6.78
20261009,000529.SZ,5.49,4.49
20261009,000530.SZ,5.79,4.73
20261009,000531.SZ,6.12,5.0
20261009,000532.SZ,13.21,10.81
20261009,000533.SZ,10.92,8.94
20261009,000534.SZ,23.34,19.1
20261009,000536.SZ,3.61,2.95
20261009,000537.SZ,8.15,6.67
20261009,000538.SZ,55.98,45.8
20261009,000539.SZ,5.72,4.68
20261009,000541.SZ,5.4,4.42
20261009,000543.SZ,8.13,6.65
20261009,000544.SZ,7.98,6.53
20261009,000545.SZ,2.41,1.97
20261009,000546.SZ,4.77,3.91
20261009,000547.SZ,15.21,12.45
20261009,000548.SZ,5.08,4.16
20261009,000550.SZ,18.04,14.76
20261009,000551.SZ,12.79,10.47
20261009,000552.SZ,2.78,2.28
20261009,000553.SZ,6.02,4.92
20261009,000554.SZ,7.04,5.76
20261009,000555.SZ,10.81,8.85
20261009,000557.SZ,4.02,3.29
20261009,000558.SZ,3.76,3.08
20261009,000559.SZ,11.45,9.37
20261009,000560.SZ,4.02,3.29
20261009,000561.SZ,8.37,6.85
20261009,000563.SZ,3.21,2.63
20261009,000564.SZ,1.58,1.3
20261009,000565.SZ,7.05,5.77
20261009,000566.SZ,4.98,4.08
20261009,000567.SZ,6.41,5.25
20261009,000568.SZ,79.87,65.35
20261009,000570.SZ,5.83,4.77
20261009,000571.SZ,6.77,5.54
20261009,000572.SZ,4.4,3.6
20261009,000573.SZ,4.32,3.54
20261009,000576.SZ,8.94,7.32
20261009,000581.SZ,20.13,16.47
20261009,000582.SZ,9.87,8.07
20261009,000586.SZ,13.55,11.09
20261009,000589.SZ,4.64,3.8
20261009,000590.SZ,9.96,8.15
20261009,000591.SZ,4.6,3.76
20261009,000592.SZ,8.89,7.27
20261009,000593.SZ,22.01,18.01
20261009,000595.SZ,6.25,5.11
20261009,000596.SZ,102.91,84.2
20261009,000597.SZ,5.26,4.3
20261009,000598.SZ,7.8,6.38
20261009,000599.SZ,4.86,3.98
20261009,000600.SZ,7.99,6.53
20261009,000601.SZ,6.69,5.47
20261009,000603.SZ,32.54,26.62
20261009,000605.SZ,6.66,5.45
20261009,000607.SZ,4.32,3.54
20261009,000608.SZ,7.6,6.22
20261009,000609.SZ,10.23,8.37
20261009,000610.SZ,8.28,6.78
20261009,000612.SZ,11.36,9.3
20261009,000615.SZ,3.52,2.88
20261009,000617.SZ,7.18,5.88
20261009,000619.SZ,5.74,4.7
20261009,000620.SZ,3.32,2.72
20261009,000623.SZ,18.99,15.53
20261009,000625.SZ,7.74,6.34
20261009,000626.SZ,9.66,7.9
20261009,000628.SZ,56.46,46.2
20261009,000629.SZ,3.1,2.54
20261009,000630.SZ,6.33,5.18
20261009,000631.SZ,3.33,2.73
20261009,000632.SZ,4.02,3.29
20261009,000633.SZ,5.81,4.75
20261009,000635.SZ,8.42,6.89
20261009,000636.SZ,55.44,45.36
20261009,000637.SZ,4.68,3.83
20261009,000639.SZ,1.68,1.38
20261009,000650.SZ,5.73,4.69
20261009,000651.SZ,42.15,34.49
20261009,000652.SZ,3.65,2.99
20261009,000655.SZ,8.18,6.7
20261009,000656.SZ,1.34,1.1
20261009,000657.SZ,57.04,46.67
20261009,000659.SZ,2.96,2.42
20261009,000661.SZ,76.15,62.31
20261009,000663.SZ,6.6,5.4
20261009,000665.SZ,4.46,3.65
20261009,000668.SZ,20.56,16.82
20261009,000669.SZ,4.48,3.66
20261009,000670.SZ,7.57,6.19
20261009,000672.SZ,16.35,13.37
20261009,000676.SZ,7.04,5.76
20261009,000677.SZ,1.88,1.54
20261009,000678.SZ,13.46,11.02
20261009,000679.SZ,6.92,5.66
20261009,000680.SZ,9.88,8.08
20261009,000681.SZ,16.89,13.82
20261009,000682.SZ,11.63,9.51
20261009,000683.SZ,6.34,5.18
20261009,000685.SZ,11.7,9.58
20261009,000686.SZ,8.18,6.7
20261009,000688.SZ,27.48,22.48
20261009,000690.SZ,6.05,4.95
20261009,000691.SZ,9.36,7.66
20261009,000692.SZ,5.07,4.15
20261009,000695.SZ,14.32,11.72
20261009,000697.SZ,10.34,8.46
20261009,000698.SZ,4.11,3.37
20261009,000700.SZ,13.02,10.66
20261009,000701.SZ,5.65,4.63
20261009,000702.SZ,6.39,5.23
20261009,000703.SZ,17.92,14.66
20261009,000705.SZ,7.83,6.41
20261009,000707.SZ,5.14,4.2
20261009,000708.SZ,14.52,11.88
20261009,000709.SZ,2.23,1.83
20261009,000710.SZ,11.3,9.24
20261009,000711.SZ,4.97,4.07
20261009,000712.SZ,10.76,8.8
20261009,000713.SZ,6.88,5.63
20261009,000715.SZ,5.9,4.82
20261009,000716.SZ,5.41,4.43
20261009,000717.SZ,2.39,1.95
20261009,000718.SZ,2.28,1.86
20261009,000719.SZ,13.29,10.87
20261009,000720.SZ,3.98,3.26
20261009,000721.SZ,6.61,5.41
20261009,000722.SZ,14.91,12.2
20261009,000723.SZ,3.89,3.19
20261009,000725.SZ,6.05,4.95
20261009,000726.SZ,6.51,5.33
20261009,000727.SZ,2.43,1.99
20261009,000728.SZ,7.89,6.45
20261009,000729.SZ,12.29,10.05
20261009,000731.SZ,8.91,7.29
20261009,000733.SZ,42.35,34.65
20261009,000735.SZ,6.17,5.05
20261009,000736.SZ,5.21,4.27
20261009,000737.SZ,14.94,12.22
20261009,000738.SZ,20.34,16.64
20261009,000739.SZ,29.99,24.53
20261009,000750.SZ,3.94,3.22
20261009,000751.SZ,4.81,3.93
20261009,000752.SZ,9.41,7.7
20261009,000753.SZ,5.85,4.79
20261009,000755.SZ,5.23,4.28
20261009,000756.SZ,15.65,12.81
20261009,000757.SZ,4.66,3.82
20261009,000758.SZ,6.28,5.14
20261009,000759.SZ,6.78,5.54
20261009,000761.SZ,2.59,2.12
20261009,000762.SZ,22.94,18.77
20261009,000766.SZ,15.8,12.92
20261009,000767.SZ,3.67,3.01
20261009,000768.SZ,24.86,20.34
20261009,000776.SZ,21.25,17.39
20261009,000777.SZ,17.79,14.55
20261009,000778.SZ,3.97,3.25
20261009,000779.SZ,9.24,7.56
20261009,000782.SZ,8.89,7.27
20261009,000783.SZ,8.54,6.98
20261009,000785.SZ,2.49,2.03
20261009,000786.SZ,18.17,14.87
20261009,000788.SZ,6.03,4.93
20261009,000789.SZ,4.59,3.75
20261009,000790.SZ,4.83,3.95
20261009,000791.SZ,7.94,6.5
20261009,000792.SZ,26.36,21.56
20261009,000793.SZ,2.13,1.75
20261009,000795.SZ,9.01,7.37
20261009,000796.SZ,3.77,3.09
20261009,000797.SZ,2.93,2.39
20261009,000798.SZ,10.73,8.78
20261009,000799.SZ,40.14,32.84
20261009,000800.SZ,6.38,5.22
20261009,000801.SZ,12.4,10.14
20261009,000802.SZ,4.18,3.42
20261009,000803.SZ,8.28,6.78
20261009,000807.SZ,28.93,23.67
20261009,000809.SZ,3.78,3.1
20261009,000810.SZ,9.85,8.06
20261009,000811.SZ,39.12,32.0
20261009,000812.SZ,4.06,3.32
20261009,000813.SZ,3.51,2.87
20261009,000815.SZ,15.43,12.63
20261009,000816.SZ,3.04,2.48
20261009,000818.SZ,12.25,10.03
20261009,000819.SZ,13.35,10.93
20261009,000820.SZ,3.86,3.16
20261009,000821.SZ,7.92,6.48
20261009,000822.SZ,4.83,3.95
20261009,000823.SZ,24.98,20.44
20261009,000825.SZ,3.75,3.07
20261009,000826.SZ,1.88,1.54
20261009,000828.SZ,11.0,9.0
20261009,000829.SZ,10.11,8.27
20261009,000830.SZ,12.71,10.4
20261009,000831.SZ,53.79,44.01
20261009,000833.SZ,21.34,17.46
20261009,000837.SZ,10.23,8.37
20261009,000838.SZ,2.75,2.25
20261009,000839.SZ,3.03,2.48
20261009,000848.SZ,8.95,7.33
20261009,000850.SZ,4.43,3.63
20261009,000852.SZ,6.0,4.91
20261009,000856.SZ,9.93,8.13
20261009,000858.SZ,77.15,63.13
20261009,000859.SZ,9.49,7.77
20261009,000860.SZ,11.33,9.27
20261009,000862.SZ,6.0,4.91
20261009,000863.SZ,4.95,4.05
20261009,000868.SZ,4.4,3.6
20261009,000869.SZ,20.64,16.88
20261009,000875.SZ,5.16,4.22
20261009,000876.SZ,7.45,6.09
20261009,000877.SZ,4.07,3.33
20261009,000878.SZ,17.68,14.46
20261009,000880.SZ,25.87,21.17
20261009,000881.SZ,7.05,5.77
20261009,000882.SZ,1.65,1.35
20261009,000883.SZ,4.94,4.04
20261009,000885.SZ,12.91,10.57
20261009,000886.SZ,5.18,4.24
20261009,000887.SZ,19.55,15.99
20261009,000888.SZ,9.82,8.04
20261009,000889.SZ,3.94,3.22
20261009,000890.SZ,7.62,6.24
20261009,000892.SZ,4.85,3.97
20261009,000893.SZ,41.38,33.86
20261009,000895.SZ,26.03,21.29
20261009,000897.SZ,2.11,1.73
20261009,000898.SZ,2.23,1.83
20261009,000899.SZ,10.07,8.24
20261009,000900.SZ,3.96,3.24
20261009,000901.SZ,15.0,12.28
20261009,000902.SZ,14.93,12.21
20261009,000903.SZ,2.1,1.72
20261009,000905.SZ,10.15,8.31
20261009,000906.SZ,6.68,5.46
20261009,000908.SZ,6.48,5.3
20261009,000909.SZ,5.84,4.78
20261009,000910.SZ,6.74,5.52
20261009,000911.SZ,6.22,5.09
20261009,000912.SZ,4.37,3.57
20261009,000913.SZ,11.87,9.71
20261009,000915.SZ,26.35,21.56
20261009,000917.SZ,7.29,5.97
20261009,000919.SZ,7.15,5.85
20261009,000920.SZ,13.55,11.09
20261009,000921.SZ,29.17,23.87
20261009,000922.SZ,13.28,10.86
20261009,000923.SZ,17.47,14.29
20261009,000925.SZ,8.48,6.94
20261009,000926.SZ,2.34,1.92
20261009,000927.SZ,2.73,2.23
20261009,000928.SZ,5.87,4.81
20261009,000929.SZ,10.34,8.46
20261009,000930.SZ,5.68,4.64
20261009,000931.SZ,4.93,4.03
20261009,000932.SZ,3.92,3.2
20261009,000933.SZ,29.04,23.76
20261009,000935.SZ,20.81,17.03
20261009,000936.SZ,6.08,4.98
20261009,000937.SZ,4.9,4.01
20261009,000938.SZ,33.26,27.22
20261009,000948.SZ,14.29,11.69
20261009,000949.SZ,7.25,5.93
20261009,000950.SZ,5.75,4.71
20261009,000951.SZ,22.17,18.14
20261009,000952.SZ,7.18,5.88
20261009,000953.SZ,6.53,5.35
20261009,000955.SZ,4.46,3.65
20261009,000957.SZ,10.71,8.77
20261009,000958.SZ,5.49,4.49
20261009,000959.SZ,3.85,3.15
20261009,000960.SZ,32.95,26.96
20261009,000962.SZ,60.62,49.6
20261009,000963.SZ,29.65,24.26
20261009,000965.SZ,3.77,3.09
20261009,000966.SZ,4.46,3.65
20261009,000967.SZ,8.47,6.93
20261009,000968.SZ,7.88,6.44
20261009,000969.SZ,17.51,14.33
20261009,000970.SZ,12.07,9.87
20261009,000972.SZ,4.42,3.62
20261009,000973.SZ,13.06,10.68
20261009,000975.SZ,24.35,19.93
20261009,000977.SZ,71.02,58.1
20261009,000978.SZ,7.71,6.31
20261009,000980.SZ,2.38,1.94
20261009,000981.SZ,2.95,2.41
20261009,000983.SZ,7.17,5.87
20261009,000985.SZ,19.51,15.97
20261009,000987.SZ,7.87,6.44
20261009,000988.SZ,95.69,78.29
20261009,000989.SZ,9.57,7.83
20261009,000990.SZ,6.99,5.72
20261009,000993.SZ,19.51,15.97
20261009,000995.SZ,12.69,10.39
20261009,000997.SZ,20.79,17.01
20261009,000998.SZ,9.52,7.79
20261009,000999.SZ,26.93,22.03
20261009,001201.SZ,16.9,13.82
20261009,001202.SZ,16.58,13.56
20261009,001203.SZ,24.82,20.3
20261009,001205.SZ,15.99,13.09
20261009,001206.SZ,21.04,17.22
20261009,001207.SZ,20.34,16.64
20261009,001208.SZ,14.43,11.81
20261009,001209.SZ,21.37,17.49
20261009,001210.SZ,28.51,23.33
20261009,001211.SZ,29.79,24.37
20261009,001212.SZ,38.41,31.43
20261009,001213.SZ,3.88,3.18
20261009,001215.SZ,35.81,29.3
20261009,001216.SZ,25.92,21.2
20261009,001217.SZ,12.45,10.19
20261009,001218.SZ,25.53,20.89
20261009,001219.SZ,14.33,11.73
20261009,001220.SZ,34.41,28.15
20261009,001221.SZ,35.79,29.29
20261009,001222.SZ,16.8,13.74
20261009,001223.SZ,44.13,36.11
20261009,001225.SZ,38.06,31.14
20261009,001226.SZ,47.39,38.77
20261009,001227.SZ,2.32,1.9
20261009,001228.SZ,41.75,34.16
20261009,001229.SZ,38.87,31.81
20261009,001230.SZ,21.31,17.43
20261009,001231.SZ,25.17,20.59
20261009,001232.SZ,189.2,154.8
20261009,001233.SZ,48.84,39.96
20261009,001234.SZ,25.59,20.93
20261009,001236.SZ,8.48,6.94
20261009,001237.SZ,53.91,44.11
20261009,001238.SZ,28.17,23.05
20261009,001239.SZ,13.75,11.25
20261009,001246.SZ,999999.999,0.01
20261009,001248.SZ,12.71,10.4
20261009,001255.SZ,29.71,24.31
20261009,001256.SZ,23.93,19.58
20261009,001257.SZ,22.46,18.38
20261009,001258.SZ,11.12,9.1
20261009,001259.SZ,48.07,39.33
20261009,001260.SZ,21.01,17.19
20261009,001266.SZ,45.78,37.46
20261009,001267.SZ,35.66,29.18
20261009,001268.SZ,26.71,21.85
20261009,001269.SZ,20.54,16.8
20261009,001270.SZ,99.36,81.3
20261009,001277.SZ,33.23,27.19
20261009,001278.SZ,18.9,15.46
20261009,001279.SZ,29.48,24.12
20261009,001280.SZ,66.46,54.38
20261009,001282.SZ,18.3,14.98
20261009,001283.SZ,52.24,42.74
20261009,001285.SZ,46.32,37.9
20261009,001286.SZ,10.63,8.69
20261009,001287.SZ,23.79,19.47
20261009,001288.SZ,35.35,28.93
20261009,001289.SZ,16.46,13.46
20261009,001296.SZ,21.2,17.34
20261009,001298.SZ,17.79,14.55
20261009,001299.SZ,11.28,9.23
20261009,001300.SZ,14.86,12.16
20261009,001301.SZ,51.02,41.74
20261009,001306.SZ,59.54,48.72
20261009,001308.SZ,19.44,15.9
20261009,001309.SZ,375.63,307.33
20261009,001311.SZ,17.91,14.65
20261009,001312.SZ,19.8,16.2
20261009,001313.SZ,7.79,6.37
20261009,001314.SZ,52.09,42.62
20261009,001316.SZ,29.27,23.95
20261009,001317.SZ,72.91,59.65
20261009,001318.SZ,14.11,11.55
20261009,001319.SZ,22.76,18.62
20261009,001322.SZ,7.45,6.09
20261009,001323.SZ,20.5,16.78
20261009,001324.SZ,22.43,18.35
20261009,001325.SZ,39.63,32.43
20261009,001326.SZ,111.51,91.23
20261009,001328.SZ,33.55,27.45
20261009,001330.SZ,6.97,5.71
20261009,001331.SZ,42.35,34.65
20261009,001332.SZ,31.32,25.62
20261009,001333.SZ,22.57,18.47
20261009,001335.SZ,36.74,30.06
20261009,001336.SZ,22.72,18.59
20261009,001337.SZ,48.36,39.56
20261009,001338.SZ,10.25,8.39
20261009,001339.SZ,74.42,60.89
20261009,001356.SZ,10.05,8.23
20261009,001358.SZ,26.41,21.61
20261009,001359.SZ,89.75,73.43
20261009,001360.SZ,20.49,16.77
20261009,001365.SZ,39.03,31.93
20261009,001366.SZ,14.32,11.72
20261009,001367.SZ,24.05,19.67
20261009,001368.SZ,40.88,33.44
20261009,001369.SZ,13.2,10.8
20261009,001373.SZ,33.48,27.4
20261009,001376.SZ,13.48,11.03
20261009,001378.SZ,24.63,20.15
20261009,001379.SZ,17.56,14.36
20261009,001380.SZ,20.69,16.93
20261009,001382.SZ,18.02,14.74
20261009,001386.SZ,17.26,14.12
20261009,001387.SZ,13.62,11.14
20261009,001388.SZ,21.78,17.82
20261009,001389.SZ,183.7,150.3
20261009,001390.SZ,18.69,15.29
20261009,001391.SZ,4.29,3.51
20261009,001393.SZ,44.7,36.58
20261009,001395.SZ,33.21,27.17
20261009,001396.SZ,34.25,28.03
20261009,001399.SZ,22.57,18.47
20261009,001400.SZ,90.2,73.8
20261009,001696.SZ,16.1,13.18
20261009,001872.SZ,27.07,22.15
20261009,001896.SZ,11.5,9.41
20261009,001914.SZ,10.21,8.35
20261009,001965.SZ,11.25,9.21
20261009,001979.SZ,8.6,7.04
20261009,002001.SZ,28.94,23.68
20261009,002003.SZ,12.6,10.31
20261009,002004.SZ,4.79,3.92
20261009,002005.SZ,2.95,2.41
20261009,002006.SZ,14.29,11.69
20261009,002007.SZ,14.52,11.88
20261009,002008.SZ,85.92,70.3
20261009,002009.SZ,16.86,13.8
20261009,002010.SZ,5.04,4.12
20261009,002011.SZ,13.52,11.06
20261009,002012.SZ,7.49,6.13
20261009,002014.SZ,12.31,10.07
20261009,002015.SZ,15.96,13.06
20261009,002016.SZ,5.31,4.35
20261009,002017.SZ,14.98,12.26
20261009,002019.SZ,10.38,8.5
20261009,002020.SZ,12.87,10.53
20261009,002021.SZ,2.81,2.3
20261009,002022.SZ,6.66,5.45
20261009,002023.SZ,10.04,8.22
20261009,002024.SZ,1.27,1.04
20261009,002025.SZ,70.95,58.05
20261009,002026.SZ,12.02,9.84
20261009,002027.SZ,5.21,4.27
20261009,002028.SZ,128.82,105.4
20261009,002029.SZ,10.11,8.27
20261009,002030.SZ,6.56,5.36
20261009,002031.SZ,5.85,4.79
20261009,002032.SZ,45.58,37.3
20261009,002033.SZ,8.98,7.34
20261009,002034.SZ,15.44,12.64
20261009,002035.SZ,5.17,4.23
20261009,002036.SZ,6.41,5.25
20261009,002037.SZ,7.44,6.08
20261009,002038.SZ,6.18,5.06
20261009,002039.SZ,22.01,18.01
20261009,002040.SZ,9.83,8.05
20261009,002041.SZ,11.14,9.12
20261009,002042.SZ,3.94,3.22
20261009,002043.SZ,12.98,10.62
20261009,002044.SZ,4.97,4.07
20261009,002045.SZ,9.23,7.55
20261009,002046.SZ,63.8,52.2
20261009,002047.SZ,3.49,2.85
20261009,002048.SZ,18.73,15.33
20261009,002049.SZ,61.75,50.53
20261009,002050.SZ,37.33,30.55
20261009,002051.SZ,9.39,7.69
20261009,002052.SZ,8.59,7.03
20261009,002053.SZ,10.6,8.68
20261009,002054.SZ,7.78,6.36
20261009,002055.SZ,6.9,5.64
20261009,002056.SZ,20.75,16.97
20261009,002057.SZ,9.7,7.94
20261009,002058.SZ,24.44,20.0
20261009,002059.SZ,4.58,3.74
20261009,002060.SZ,3.39,2.77
20261009,002061.SZ,3.7,3.02
20261009,002062.SZ,10.12,8.28
20261009,002063.SZ,5.76,4.72
20261009,002064.SZ,10.75,8.79
20261009,002065.SZ,7.05,5.77
20261009,002066.SZ,21.36,17.48
20261009,002067.SZ,4.29,3.51
20261009,002068.SZ,9.96,8.15
20261009,002069.SZ,4.02,3.29
20261009,002072.SZ,7.74,6.34
20261009,002073.SZ,6.23,5.09
20261009,002074.SZ,34.43,28.17
20261009,002075.SZ,3.87,3.17
20261009,002076.SZ,2.31,1.89
20261009,002077.SZ,14.51,11.87
20261009,002078.SZ,15.0,12.28
20261009,002079.SZ,9.11,7.45
20261009,002080.SZ,57.21,46.81
20261009,002081.SZ,5.24,4.28
20261009,002082.SZ,12.85,10.51
20261009,002083.SZ,10.69,8.75
20261009,002084.SZ,6.09,4.99
20261009,002085.SZ,10.14,8.3
20261009,002086.SZ,2.21,1.81
20261009,002088.SZ,8.92,7.3
20261009,002090.SZ,9.94,8.14
20261009,002091.SZ,8.4,6.88
20261009,002092.SZ,4.86,3.98
20261009,002093.SZ,7.82,6.4
20261009,002094.SZ,5.38,4.4
20261009,002095.SZ,16.86,13.8
20261009,002096.SZ,10.08,8.24
20261009,002097.SZ,7.43,6.08
20261009,002098.SZ,9.25,7.57
20261009,002099.SZ,6.77,5.54
20261009,002100.SZ,8.38,6.86
20261009,002101.SZ,9.44,7.72
20261009,002102.SZ,2.81,2.3
20261009,002103.SZ,7.29,5.97
20261009,002104.SZ,10.99,8.99
20261009,002105.SZ,6.79,5.55
20261009,002106.SZ,12.9,10.56
20261009,002107.SZ,7.88,6.44
20261009,002108.SZ,4.8,3.92
20261009,002109.SZ,3.15,2.57
20261009,002110.SZ,3.2,2.62
20261009,002111.SZ,10.05,8.23
20261009,002112.SZ,15.16,12.4
20261009,002114.SZ,7.84,6.42
20261009,002115.SZ,10.05,8.23
20261009,002116.SZ,7.87,6.44
20261009,002117.SZ,8.56,7.0
20261009,002119.SZ,27.58,22.56
20261009,002120.SZ,7.47,6.11
20261009,002121.SZ,4.63,3.79
20261009,002122.SZ,3.15,2.57
20261009,002123.SZ,8.14,6.66
20261009,002124.SZ,2.15,1.76
20261009,002125.SZ,13.48,11.03
20261009,002126.SZ,36.23,29.65
20261009,002127.SZ,3.21,2.63
20261009,002128.SZ,30.97,25.34
20261009,002129.SZ,10.31,8.43
20261009,002130.SZ,17.13,14.01
20261009,002131.SZ,4.53,3.71
20261009,002132.SZ,4.4,3.6
20261009,002133.SZ,3.29,2.69
20261009,002134.SZ,24.93,20.39
20261009,002135.SZ,6.75,5.53
20261009,002136.SZ,13.42,10.98
20261009,002137.SZ,8.56,7.0
20261009,002138.SZ,52.9,43.28
20261009,002139.SZ,10.57,8.65
20261009,002140.SZ,10.33,8.45
20261009,002141.SZ,6.74,5.52
20261009,002142.SZ,39.25,32.11
20261009,002144.SZ,12.17,9.95
20261009,002145.SZ,5.14,4.2
20261009,002146.SZ,1.39,1.13
20261009,002148.SZ,6.72,5.5
20261009,002149.SZ,36.98,30.26
20261009,002150.SZ,21.57,17.65
20261009,002151.SZ,31.03,25.39
20261009,002152.SZ,9.68,7.92
20261009,002153.SZ,7.91,6.47
20261009,002154.SZ,4.18,3.42
20261009,002155.SZ,25.04,20.48
20261009,002156.SZ,61.52,50.34
20261009,002157.SZ,3.17,2.59
20261009,002158.SZ,26.43,21.63
20261009,002159.SZ,14.52,11.88
20261009,002160.SZ,4.28,3.5
20261009,002161.SZ,6.79,5.55
20261009,002162.SZ,4.65,3.81
20261009,002163.SZ,8.21,6.71
20261009,002164.SZ,14.11,11.55
20261009,002165.SZ,7.68,6.28
20261009,002166.SZ,7.66,6.26
20261009,002167.SZ,16.39,13.41
20261009,002168.SZ,3.87,3.17
20261009,002169.SZ,13.64,11.16
20261009,002170.SZ,11.79,9.65
20261009,002171.SZ,10.66,8.72
20261009,002172.SZ,6.23,5.09
20261009,002173.SZ,18.81,15.39
20261009,002174.SZ,13.88,11.36
20261009,002175.SZ,2.7,2.21
20261009,002176.SZ,9.33,7.63
20261009,002177.SZ,5.92,4.84
20261009,002178.SZ,5.38,4.4
20261009,002179.SZ,36.5,29.86
20261009,002180.SZ,18.51,15.15
20261009,002181.SZ,9.39,7.69
20261009,002182.SZ,12.74,10.42
20261009,002183.SZ,4.62,3.78
20261009,002184.SZ,10.82,8.86
20261009,002185.SZ,17.63,14.43
20261009,002186.SZ,10.59,8.67
20261009,002187.SZ,6.0,4.91
20261009,002188.SZ,6.57,5.37
20261009,002189.SZ,20.27,16.59
20261009,002190.SZ,25.16,20.58
20261009,002191.SZ,3.81,3.11
20261009,002192.SZ,62.94,51.5
20261009,002193.SZ,4.93,4.03
20261009,002194.SZ,10.69,8.75
20261009,002195.SZ,6.42,5.26
20261009,002196.SZ,10.84,8.87
20261009,002197.SZ,6.84,5.6
20261009,002198.SZ,3.86,3.16
20261009,002199.SZ,12.21,9.99
20261009,002200.SZ,7.36,6.02
20261009,002201.SZ,9.85,8.06
20261009,002202.SZ,18.35,15.01
20261009,002203.SZ,18.5,15.14
20261009,002204.SZ,5.93,4.85
20261009,002205.SZ,13.29,10.87
20261009,002206.SZ,5.38,4.4
20261009,002207.SZ,5.95,4.87
20261009,002208.SZ,10.59,8.67
20261009,002209.SZ,14.38,11.76
20261009,002210.SZ,2.29,1.87
20261009,002211.SZ,4.05,3.31
20261009,002212.SZ,7.56,6.18
20261009,002213.SZ,28.68,23.46
20261009,002214.SZ,18.79,15.37
20261009,002215.SZ,10.29,8.42
20261009,002216.SZ,12.79,10.47
20261009,002217.SZ,1.69,1.39
20261009,002218.SZ,4.25,3.47
20261009,002219.SZ,2.24,1.84
20261009,002221.SZ,6.31,5.17
20261009,002222.SZ,62.24,50.92
20261009,002223.SZ,28.55,23.36
20261009,002224.SZ,4.11,3.37
20261009,002225.SZ,3.78,3.1
20261009,002226.SZ,5.82,4.76
20261009,002227.SZ,7.04,5.76
20261009,002228.SZ,3.54,2.9
20261009,002229.SZ,10.93,8.95
20261009,002230.SZ,40.58,33.2
20261009,002232.SZ,17.7,14.48
20261009,002233.SZ,7.81,6.39
20261009,002234.SZ,8.58,7.02
20261009,002235.SZ,8.25,6.75
20261009,002236.SZ,16.82,13.76
20261009,002237.SZ,13.56,11.1
20261009,002238.SZ,7.59,6.21
20261009,002239.SZ,2.71,2.21
20261009,002240.SZ,27.65,22.63
20261009,002241.SZ,23.87,19.53
20261009,002242.SZ,15.13,12.38
20261009,002243.SZ,7.71,6.31
20261009,002244.SZ,11.23,9.19
20261009,002245.SZ,17.99,14.72
20261009,002246.SZ,26.96,22.06
20261009,002247.SZ,2.71,2.21
20261009,002248.SZ,10.0,8.18
20261009,002249.SZ,6.93,5.67
20261009,002250.SZ,15.87,12.99
20261009,002251.SZ,3.77,3.09
20261009,002252.SZ,5.57,4.55
20261009,002253.SZ,9.45,7.73
20261009,002254.SZ,12.63,10.33
20261009,002255.SZ,8.05,6.59
20261009,002256.SZ,3.47,2.84
20261009,002258.SZ,15.09,12.35
20261009,002259.SZ,5.67,4.64
20261009,002261.SZ,26.42,21.62
20261009,002262.SZ,24.04,19.67
20261009,002263.SZ,3.59,2.93
20261009,002264.SZ,7.88,6.44
20261009,002265.SZ,20.58,16.84
20261009,002266.SZ,5.35,4.37
20261009,002267.SZ,8.1,6.62
20261009,002268.SZ,15.88,13.0
20261009,002269.SZ,1.52,1.24
20261009,002270.SZ,19.44,15.9
20261009,002271.SZ,11.74,9.6
20261009,002272.SZ,14.98,12.26
20261009,002273.SZ,25.47,20.84
20261009,002274.SZ,6.46,5.28
20261009,002275.SZ,13.41,10.97
20261009,002276.SZ,10.89,8.91
20261009,002277.SZ,5.27,4.31
20261009,002278.SZ,8.81,7.21
20261009,002279.SZ,7.11,5.81
20261009,002281.SZ,167.21,136.81
20261009,002282.SZ,6.63,5.43
20261009,002283.SZ,8.55,6.99
20261009,002284.SZ,10.23,8.37
20261009,002285.SZ,3.53,2.89
20261009,002286.SZ,9.3,7.61
20261009,002287.SZ,21.27,17.41
20261009,002289.SZ,35.92,29.39
20261009,002290.SZ,70.3,57.52
20261009,002291.SZ,5.97,4.89
20261009,002292.SZ,9.24,7.56
20261009,002293.SZ,11.94,9.77
20261009,002294.SZ,33.17,27.14
20261009,002295.SZ,10.68,8.74
20261009,002296.SZ,10.24,8.38
20261009,002297.SZ,21.1,17.26
20261009,002298.SZ,9.75,7.97
20261009,002299.SZ,17.25,14.11
20261009,002300.SZ,8.76,7.16
20261009,002301.SZ,9.46,7.74
20261009,002302.SZ,5.15,4.21
20261009,002303.SZ,7.02,5.74
20261009,002304.SZ,40.72,33.32
20261009,002305.SZ,2.28,1.86
20261009,002306.SZ,2.24,1.84
20261009,002307.SZ,3.22,2.64
20261009,002309.SZ,3.08,2.52
20261009,002310.SZ,2.44,2.0
20261009,002311.SZ,46.16,37.76
20261009,002312.SZ,8.98,7.34
20261009,002313.SZ,9.52,7.79
20261009,002314.SZ,2.59,2.12
20261009,002315.SZ,26.57,21.74
20261009,002316.SZ,5.48,4.48
20261009,002317.SZ,25.49,20.85
20261009,002318.SZ,19.44,15.9
20261009,002319.SZ,11.0,9.0
20261009,002320.SZ,6.91,5.65
20261009,002321.SZ,2.27,1.85
20261009,002322.SZ,13.04,10.67
20261009,002323.SZ,1.32,1.08
20261009,002324.SZ,9.61,7.87
20261009,002326.SZ,18.27,14.95
20261009,002327.SZ,6.8,5.56
20261009,002328.SZ,8.67,7.09
20261009,002329.SZ,3.99,3.27
20261009,002330.SZ,4.47,3.65
20261009,002331.SZ,7.47,6.11
20261009,002332.SZ,9.5,7.78
20261009,002333.SZ,5.93,4.85
20261009,002334.SZ,7.0,5.72
20261009,002335.SZ,31.85,26.06
20261009,002337.SZ,5.12,4.19
20261009,002338.SZ,43.49,35.59
20261009,002339.SZ,7.95,6.51
20261009,002340.SZ,6.82,5.58
20261009,002342.SZ,9.31,7.61
20261009,002343.SZ,6.08,4.98
20261009,002344.SZ,4.38,3.58
20261009,002345.SZ,9.3,7.61
20261009,002346.SZ,19.47,15.93
20261009,002347.SZ,6.93,5.67
20261009,002348.SZ,11.28,9.23
20261009,002349.SZ,9.59,7.85
20261009,002350.SZ,14.62,11.96
20261009,002351.SZ,10.68,8.74
20261009,002352.SZ,33.85,27.69
20261009,002353.SZ,120.51,98.6
20261009,002354.SZ,7.7,6.3
20261009,002355.SZ,5.03,4.11
20261009,002356.SZ,2.93,2.39
20261009,002357.SZ,12.79,10.47
20261009,002358.SZ,5.69,4.65
20261009,002360.SZ,5.62,4.6
20261009,002361.SZ,11.11,9.09
20261009,002362.SZ,17.0,13.91
20261009,002363.SZ,7.59,6.21
20261009,002364.SZ,34.4,28.14
20261009,002365.SZ,14.43,11.81
20261009,002366.SZ,6.25,5.11
20261009,002367.SZ,6.61,5.41
20261009,002368.SZ,13.51,11.05
20261009,002369.SZ,6.03,4.93
20261009,002370.SZ,5.6,4.58
20261009,002371.SZ,660.35,540.29
20261009,002372.SZ,9.81,8.03
20261009,002373.SZ,7.9,6.46
20261009,002374.SZ,3.76,3.08
20261009,002375.SZ,4.27,3.49
20261009,002376.SZ,7.06,5.78
20261009,002377.SZ,3.3,2.7
20261009,002378.SZ,22.89,18.73
20261009,002379.SZ,18.02,14.74
20261009,002380.SZ,28.25,23.11
20261009,002381.SZ,6.18,5.06
20261009,002382.SZ,7.24,5.92
20261009,002383.SZ,8.38,6.86
20261009,002384.SZ,165.73,135.59
20261009,002385.SZ,3.4,2.78
20261009,002386.SZ,6.5,5.32
20261009,002387.SZ,7.34,6.0
20261009,002388.SZ,10.01,8.19
20261009,002389.SZ,20.04,16.4
20261009,002390.SZ,3.23,2.65
20261009,002391.SZ,5.73,4.69
20261009,002392.SZ,8.06,6.6
20261009,002393.SZ,15.55,12.73
20261009,002394.SZ,11.33,9.27
20261009,002395.SZ,14.77,12.09
20261009,002396.SZ,34.91,28.57
20261009,002397.SZ,3.94,3.22
20261009,002398.SZ,4.64,3.8
20261009,002399.SZ,10.73,8.78
20261009,002400.SZ,6.85,5.61
20261009,002401.SZ,13.2,10.8
20261009,002402.SZ,19.27,15.77
20261009,002403.SZ,11.1,9.08
20261009,002404.SZ,6.35,5.19
20261009,002405.SZ,6.49,5.31
20261009,002406.SZ,6.97,5.71
20261009,002407.SZ,33.06,27.05
20261009,002408.SZ,5.82,4.76
20261009,002409.SZ,126.93,103.85
20261009,002410.SZ,9.28,7.6
20261009,002412.SZ,9.88,8.08
20261009,002413.SZ,9.38,7.68
20261009,002414.SZ,12.32,10.08
20261009,002415.SZ,36.3,29.7
20261009,002416.SZ,9.81,8.03
20261009,002418.SZ,4.74,3.88
20261009,002419.SZ,5.39,4.41
20261009,002420.SZ,6.7,5.48
20261009,002421.SZ,3.52,2.88
20261009,002422.SZ,42.63,34.88
20261009,002423.SZ,10.0,8.18
20261009,002424.SZ,5.14,4.2
20261009,002425.SZ,3.31,2.71
20261009,002426.SZ,2.84,2.32
20261009,002427.SZ,5.03,4.11
20261009,002428.SZ,94.28,77.14
20261009,002429.SZ,8.62,7.06
20261009,002430.SZ,27.08,22.16
20261009,002431.SZ,1.43,1.17
20261009,002432.SZ,64.6,52.86
20261009,002434.SZ,6.75,5.53
20261009,002436.SZ,44.45,36.37
20261009,002437.SZ,3.88,3.18
20261009,002438.SZ,15.07,12.33
20261009,002439.SZ,15.7,12.84
20261009,002440.SZ,14.38,11.76
20261009,002441.SZ,9.19,7.52
20261009,002442.SZ,5.93,4.85
20261009,002443.SZ,13.7,11.21
20261009,002444.SZ,29.45,24.09
20261009,002445.SZ,3.42,2.8
20261009,002446.SZ,8.27,6.77
20261009,002448.SZ,11.68,9.56
20261009,002449.SZ,7.1,5.81
20261009,002451.SZ,8.51,6.97
20261009,002452.SZ,12.52,10.24
20261009,002453.SZ,5.23,4.28
20261009,002454.SZ,6.27,5.13
20261009,002455.SZ,7.57,6.19
20261009,002456.SZ,7.03,5.75
20261009,002457.SZ,12.63,10.33
20261009,002458.SZ,8.78,7.18
20261009,002459.SZ,7.36,6.02
20261009,002460.SZ,48.63,39.79
20261009,002461.SZ,9.52,7.79
20261009,002462.SZ,13.35,10.93
20261009,002463.SZ,127.47,104.29
20261009,002465.SZ,11.02,9.02
20261009,002466.SZ,44.76,36.62
20261009,002467.SZ,5.67,4.64
20261009,002468.SZ,16.35,13.37
20261009,002469.SZ,6.85,5.61
20261009,002470.SZ,2.17,1.77
20261009,002471.SZ,5.61,4.59
20261009,002472.SZ,40.39,33.05
20261009,002474.SZ,6.88,5.63
20261009,002475.SZ,53.27,43.59
20261009,002476.SZ,5.31,4.35
20261009,002478.SZ,6.91,5.65
20261009,002479.SZ,6.61,5.41
20261009,002480.SZ,6.0,4.91
20261009,002481.SZ,4.79,3.92
20261009,002482.SZ,1.54,1.26
20261009,002483.SZ,6.57,5.37
20261009,002484.SZ,54.68,44.74
20261009,002485.SZ,6.63,5.43
20261009,002486.SZ,2.95,2.41
20261009,002487.SZ,53.47,43.75
20261009,002488.SZ,8.0,6.54
20261009,002489.SZ,3.12,2.56
20261009,002490.SZ,8.36,6.84
20261009,002491.SZ,21.76,17.8
20261009,002492.SZ,6.9,5.64
20261009,002493.SZ,14.84,12.14
20261009,002494.SZ,5.46,4.46
20261009,002495.SZ,2.67,2.19
20261009,002496.SZ,2.52,2.06
20261009,002497.SZ,17.29,14.15
20261009,002498.SZ,6.73,5.51
20261009,002500.SZ,5.63,4.61
20261009,002501.SZ,1.43,1.17
20261009,002506.SZ,2.61,2.13
20261009,002507.SZ,12.31,10.07
20261009,002508.SZ,18.79,15.37
20261009,002510.SZ,6.19,5.07
20261009,002511.SZ,7.61,6.23
20261009,002512.SZ,4.2,3.44
20261009,002513.SZ,6.12,5.0
20261009,002514.SZ,2.68,2.2
20261009,002515.SZ,7.5,6.14
20261009,002516.SZ,5.98,4.9
20261009,002517.SZ,17.26,14.12
20261009,002518.SZ,36.22,29.64
20261009,002519.SZ,6.06,4.96
20261009,002520.SZ,6.74,5.52
20261009,002521.SZ,6.81,5.57
20261009,002522.SZ,5.8,4.74
20261009,002523.SZ,3.74,3.06
20261009,002524.SZ,4.47,3.65
20261009,002526.SZ,2.83,2.31
20261009,002527.SZ,11.39,9.32
20261009,002528.SZ,6.69,5.47
20261009,002529.SZ,7.55,6.17
20261009,002530.SZ,7.6,6.22
20261009,002531.SZ,9.19,7.52
20261009,002532.SZ,13.39,10.95
20261009,002533.SZ,11.96,9.78
20261009,002534.SZ,19.1,15.62
20261009,002535.SZ,2.7,2.21
20261009,002536.SZ,47.05,38.49
20261009,002537.SZ,6.13,5.01
20261009,002538.SZ,7.32,5.99
20261009,002539.SZ,12.97,10.61
20261009,002540.SZ,5.61,4.59
20261009,002541.SZ,20.08,16.43
20261009,002542.SZ,1.76,1.44
20261009,002543.SZ,8.22,6.72
20261009,002544.SZ,16.82,13.76
20261009,002545.SZ,15.4,12.6
20261009,002546.SZ,8.1,6.62
20261009,002547.SZ,3.0,2.46
20261009,002548.SZ,4.24,3.47
20261009,002549.SZ,13.5,11.04
20261009,002550.SZ,7.16,5.86
20261009,002551.SZ,3.72,3.04
20261009,002552.SZ,47.8,39.11
20261009,002553.SZ,17.96,14.7
20261009,002554.SZ,3.01,2.47
20261009,002555.SZ,18.51,15.15
20261009,002556.SZ,5.68,4.64
20261009,002557.SZ,20.48,16.76
20261009,002558.SZ,24.13,19.75
20261009,002559.SZ,9.13,7.47
20261009,002560.SZ,7.04,5.76
20261009,002561.SZ,7.95,6.51
20261009,002562.SZ,5.41,4.43
20261009,002563.SZ,6.03,4.93
20261009,002564.SZ,5.8,4.74
20261009,002565.SZ,10.21,8.35
20261009,002566.SZ,7.73,6.33
20261009,002567.SZ,3.98,3.26
20261009,002568.SZ,21.54,17.62
20261009,002569.SZ,12.76,10.44
20261009,002570.SZ,4.82,3.94
20261009,002571.SZ,11.22,9.18
20261009,002572.SZ,8.24,6.74
20261009,002573.SZ,3.44,2.82
20261009,002574.SZ,5.47,4.47
20261009,002575.SZ,5.45,4.46
20261009,002576.SZ,16.14,13.2
20261009,002577.SZ,22.77,18.63
20261009,002578.SZ,4.53,3.71
20261009,002579.SZ,18.04,14.76
20261009,002580.SZ,23.5,19.22
20261009,002581.SZ,5.67,4.64
20261009,002582.SZ,10.43,8.53
20261009,002583.SZ,8.56,7.0
20261009,002584.SZ,9.86,8.06
20261009,002585.SZ,11.54,9.44
20261009,002586.SZ,3.89,3.19
20261009,002587.SZ,5.75,4.71
20261009,002588.SZ,8.23,6.73
20261009,002589.SZ,3.55,2.91
20261009,002590.SZ,10.51,8.6
20261009,002591.SZ,7.26,5.94
20261009,002592.SZ,6.75,5.53
20261009,002593.SZ,4.99,4.09
20261009,002594.SZ,89.89,73.55
20261009,002595.SZ,42.78,35.0
20261009,002596.SZ,3.49,2.85
20261009,002597.SZ,23.74,19.42
20261009,002598.SZ,7.58,6.2
20261009,002599.SZ,6.02,4.92
20261009,002600.SZ,12.56,10.28
20261009,002601.SZ,16.25,13.29
20261009,002602.SZ,14.63,11.97
20261009,002603.SZ,16.93,13.85
20261009,002605.SZ,17.84,14.6
20261009,002606.SZ,13.43,10.99
20261009,002607.SZ,2.02,1.66
20261009,002608.SZ,8.29,6.79
20261009,002609.SZ,8.59,7.03
20261009,002611.SZ,14.97,12.25
20261009,002612.SZ,18.17,14.87
20261009,002613.SZ,3.65,2.99
20261009,002614.SZ,9.17,7.51
20261009,002615.SZ,6.92,5.66
20261009,002616.SZ,5.42,4.44
20261009,002617.SZ,7.74,6.34
20261009,002620.SZ,5.69,4.65
20261009,002622.SZ,2.7,2.21
20261009,002623.SZ,19.7,16.12
20261009,002624.SZ,10.52,8.6
20261009,002625.SZ,25.47,20.84
20261009,002626.SZ,17.22,14.09
20261009,002627.SZ,7.13,5.83
20261009,002628.SZ,5.34,4.37
20261009,002629.SZ,4.92,4.02
20261009,002630.SZ,1.73,1.41
20261009,002631.SZ,13.78,11.28
20261009,002632.SZ,9.54,7.8
20261009,002633.SZ,16.56,13.55
20261009,002634.SZ,4.27,3.49
20261009,002635.SZ,15.1,12.36
20261009,002636.SZ,87.59,71.67
20261009,002637.SZ,11.39,9.32
20261009,002638.SZ,5.19,4.25
20261009,002639.SZ,15.47,12.65
20261009,002640.SZ,4.07,3.33
20261009,002641.SZ,4.18,3.42
20261009,002642.SZ,7.52,6.16
20261009,002643.SZ,13.42,10.98
20261009,002644.SZ,9.01,7.37
20261009,002645.SZ,18.46,15.1
20261009,002646.SZ,7.88,6.44
20261009,002647.SZ,12.73,10.41
20261009,002648.SZ,30.1,24.62
20261009,002649.SZ,9.88,8.08
20261009,002650.SZ,6.85,5.61
20261009,002651.SZ,8.62,7.06
20261009,002652.SZ,4.81,3.93
20261009,002653.SZ,65.35,53.47
20261009,002654.SZ,13.02,10.66
20261009,002655.SZ,34.18,27.96
20261009,002656.SZ,3.08,2.52
20261009,002657.SZ,15.8,12.92
20261009,002658.SZ,7.83,6.41
20261009,002659.SZ,5.13,4.19
20261009,002660.SZ,8.57,7.01
20261009,002661.SZ,8.34,6.82
20261009,002662.SZ,3.43,2.81
20261009,002663.SZ,1.89,1.55
20261009,002664.SZ,15.53,12.71
20261009,002666.SZ,4.61,3.77
20261009,002667.SZ,24.41,19.97
20261009,002668.SZ,9.59,7.85
20261009,002669.SZ,16.17,13.23
20261009,002670.SZ,11.94,9.77
20261009,002671.SZ,4.42,3.62
20261009,002672.SZ,4.21,3.45
20261009,002673.SZ,7.16,5.86
20261009,002674.SZ,22.31,18.25
20261009,002675.SZ,13.89,11.37
20261009,002676.SZ,5.81,4.75
20261009,002677.SZ,6.68,5.46
20261009,002678.SZ,4.84,3.96
20261009,002679.SZ,12.67,10.37
20261009,002681.SZ,4.8,3.92
20261009,002682.SZ,5.39,4.41
20261009,002683.SZ,30.62,25.06
20261009,002685.SZ,5.68,4.64
20261009,002686.SZ,6.89,5.63
20261009,002687.SZ,6.75,5.53
20261009,002688.SZ,5.73,4.69
20261009,002689.SZ,3.25,2.66
20261009,002690.SZ,16.81,13.75
20261009,002691.SZ,4.4,3.6
20261009,002692.SZ,4.76,3.9
20261009,002693.SZ,10.01,8.19
20261009,002694.SZ,3.01,2.47
20261009,002695.SZ,11.7,9.58
20261009,002696.SZ,7.32,5.99
20261009,002697.SZ,5.18,4.24
20261009,002698.SZ,12.16,9.95
20261009,002700.SZ,7.13,5.83
20261009,002701.SZ,4.76,3.9
20261009,002702.SZ,6.51,5.33
20261009,002703.SZ,17.66,14.45
20261009,002705.SZ,12.75,10.43
20261009,002706.SZ,9.14,7.48
20261009,002707.SZ,5.39,4.41
20261009,002708.SZ,17.89,14.63
20261009,002709.SZ,35.96,29.42
20261009,002712.SZ,5.39,4.41
20261009,002713.SZ,10.55,8.63
20261009,002714.SZ,45.24,37.02
20261009,002715.SZ,14.43,11.81
20261009,002716.SZ,9.46,7.74
20261009,002717.SZ,0.62,0.5
20261009,002718.SZ,90.54,74.08
20261009,002719.SZ,6.84,5.6
20261009,002721.SZ,2.81,2.3
20261009,002722.SZ,14.54,11.9
20261009,002723.SZ,7.82,6.4
20261009,002724.SZ,7.65,6.26
20261009,002725.SZ,11.72,9.59
20261009,002726.SZ,2.44,2.0
20261009,002727.SZ,11.83,9.68
20261009,002728.SZ,10.93,8.95
20261009,002729.SZ,14.75,12.07
20261009,002730.SZ,21.73,17.78
20261009,002731.SZ,0.85,0.69
20261009,002732.SZ,15.79,12.92
20261009,002733.SZ,20.78,17.0
20261009,002734.SZ,19.71,16.13
20261009,002735.SZ,11.74,9.6
20261009,002736.SZ,10.67,8.73
20261009,002737.SZ,12.41,10.15
20261009,002738.SZ,45.47,37.21
20261009,002739.SZ,8.79,7.19
20261009,002741.SZ,26.1,21.36
20261009,002742.SZ,4.5,3.68
20261009,002743.SZ,4.82,3.94
20261009,002745.SZ,12.2,9.98
20261009,002746.SZ,6.83,5.59
20261009,002747.SZ,29.55,24.17
20261009,002748.SZ,13.7,11.21
20261009,002749.SZ,9.36,7.66
20261009,002752.SZ,6.71,5.49
20261009,002753.SZ,7.52,6.16
20261009,002755.SZ,14.54,11.9
20261009,002756.SZ,42.91,35.11
20261009,002757.SZ,19.54,15.98
20261009,002758.SZ,9.33,7.63
20261009,002759.SZ,14.92,12.2
20261009,002760.SZ,20.08,16.43
20261009,002761.SZ,8.31,6.8
20261009,002762.SZ,9.92,8.12
20261009,002763.SZ,8.2,6.71
20261009,002765.SZ,7.3,5.98
20261009,002766.SZ,4.38,3.58
20261009,002767.SZ,19.31,15.8
20261009,002768.SZ,74.8,61.2
20261009,002769.SZ,7.39,6.05
20261009,002771.SZ,14.75,12.07
20261009,002772.SZ,11.73,9.59
20261009,002773.SZ,22.39,18.32
20261009,002774.SZ,20.94,17.14
20261009,002775.SZ,3.73,3.05
20261009,002777.SZ,13.75,11.25
20261009,002778.SZ,17.48,14.3
20261009,002779.SZ,80.65,65.99
20261009,002780.SZ,16.7,13.66
20261009,002782.SZ,15.27,12.49
20261009,002783.SZ,8.81,7.21
20261009,002785.SZ,37.85,30.97
20261009,002786.SZ,8.12,6.64
20261009,002787.SZ,27.01,22.1
20261009,002788.SZ,11.66,9.54
20261009,002789.SZ,15.68,12.83
20261009,002790.SZ,7.16,5.86
20261009,002791.SZ,17.37,14.21
20261009,002792.SZ,31.72,25.96
20261009,002793.SZ,5.21,4.27
20261009,002795.SZ,7.85,6.43
20261009,002796.SZ,27.12,22.19
20261009,002797.SZ,6.66,5.45
20261009,002798.SZ,7.23,5.91
20261009,002799.SZ,7.94,6.5
20261009,002800.SZ,15.87,12.99
20261009,002801.SZ,28.38,23.22
20261009,002802.SZ,13.85,11.33
20261009,002803.SZ,20.92,17.12
20261009,002805.SZ,19.44,15.9
20261009,002806.SZ,16.14,13.2
20261009,002807.SZ,4.66,3.82
20261009,002809.SZ,9.35,7.65
20261009,002810.SZ,22.32,18.26
20261009,002811.SZ,18.4,15.06
20261009,002812.SZ,50.42,41.26
20261009,002813.SZ,29.02,23.74
20261009,002815.SZ,24.76,20.26
20261009,002816.SZ,23.49,19.22
20261009,002817.SZ,7.5,6.14
20261009,002818.SZ,12.55,10.27
20261009,002819.SZ,24.95,20.41
20261009,002820.SZ,10.95,8.96
20261009,002821.SZ,198.75,162.61
20261009,002822.SZ,3.2,2.62
20261009,002823.SZ,13.96,11.42
20261009,002824.SZ,25.19,20.61
20261009,002825.SZ,10.24,8.38
20261009,002826.SZ,19.13,15.65
20261009,002827.SZ,61.44,50.27
20261009,002828.SZ,12.01,9.83
20261009,002829.SZ,20.86,17.06
20261009,002830.SZ,16.45,13.46
20261009,002831.SZ,29.04,23.76
20261009,002832.SZ,29.35,24.01
20261009,002833.SZ,21.4,17.51
20261009,002835.SZ,14.32,11.72
20261009,002836.SZ,12.85,10.51
20261009,002837.SZ,57.12,46.74
20261009,002838.SZ,26.68,21.83
20261009,002839.SZ,4.76,3.9
20261009,002840.SZ,8.7,7.12
20261009,002841.SZ,48.92,40.02
20261009,002842.SZ,33.32,27.26
20261009,002843.SZ,15.92,13.02
20261009,002845.SZ,14.5,11.86
20261009,002846.SZ,13.12,10.74
20261009,002847.SZ,48.72,39.86
20261009,002848.SZ,16.14,13.2
20261009,002849.SZ,22.47,18.39
20261009,002850.SZ,169.29,138.51
20261009,002851.SZ,117.98,96.53
20261009,002852.SZ,9.48,7.76
20261009,002853.SZ,22.48,18.4
20261009,002855.SZ,13.48,11.03
20261009,002856.SZ,21.4,17.51
20261009,002857.SZ,19.16,15.68
20261009,002858.SZ,12.88,10.54
20261009,002859.SZ,61.61,50.41
20261009,002860.SZ,20.23,16.55
20261009,002861.SZ,14.91,12.2
20261009,002862.SZ,15.76,12.9
20261009,002863.SZ,5.24,4.28
20261009,002864.SZ,22.86,18.7
20261009,002865.SZ,39.28,32.14
20261009,002866.SZ,20.45,16.73
20261009,002867.SZ,11.21,9.17
20261009,002868.SZ,24.32,19.9
20261009,002869.SZ,21.05,17.23
20261009,002870.SZ,46.79,38.29
20261009,002871.SZ,18.38,15.04
20261009,002872.SZ,6.73,5.51
20261009,002873.SZ,9.32,7.62
20261009,002875.SZ,13.96,11.42
20261009,002876.SZ,33.19,27.15
20261009,002877.SZ,8.16,6.68
20261009,002878.SZ,13.76,11.26
20261009,002879.SZ,18.0,14.72
20261009,002880.SZ,23.98,19.62
20261009,002881.SZ,41.99,34.35
20261009,002882.SZ,29.65,24.26
20261009,002883.SZ,10.0,8.18
20261009,002884.SZ,16.9,13.82
20261009,002885.SZ,27.62,22.6
20261009,002886.SZ,25.36,20.75
20261009,002887.SZ,9.55,7.81
20261009,002888.SZ,20.09,16.43
20261009,002889.SZ,13.11,10.73
20261009,002890.SZ,16.02,13.1
20261009,002891.SZ,30.57,25.01
20261009,002892.SZ,9.17,7.51
20261009,002893.SZ,11.66,9.54
20261009,002895.SZ,33.25,27.21
20261009,002896.SZ,63.35,51.83
20261009,002897.SZ,60.65,49.63
20261009,002899.SZ,21.84,17.87
20261009,002900.SZ,14.07,11.51
20261009,002901.SZ,43.56,35.64
20261009,002902.SZ,26.79,21.92
20261009,002903.SZ,29.77,24.35
20261009,002905.SZ,9.59,7.85
20261009,002906.SZ,28.22,23.09
20261009,002907.SZ,15.96,13.06
20261009,002908.SZ,7.87,6.44
20261009,002909.SZ,7.35,6.01
20261009,002910.SZ,11.34,9.28
20261009,002911.SZ,12.9,10.56
20261009,002912.SZ,28.55,23.36
20261009,002913.SZ,99.85,81.69
20261009,002915.SZ,17.93,14.67
20261009,002916.SZ,404.82,331.22
20261009,002917.SZ,10.98,8.98
20261009,002918.SZ,11.72,9.59
20261009,002919.SZ,18.15,14.85
20261009,002920.SZ,85.88,70.26
20261009,002921.SZ,20.99,17.17
20261009,002922.SZ,23.19,18.97
20261009,002923.SZ,12.65,10.35
20261009,002925.SZ,23.57,19.29
20261009,002926.SZ,8.92,7.3
20261009,002927.SZ,21.56,17.64
20261009,002928.SZ,6.77,5.54
20261009,002929.SZ,48.92,40.02
20261009,002930.SZ,9.96,8.15
20261009,002931.SZ,41.21,33.71
20261009,002932.SZ,16.79,13.73
20261009,002933.SZ,29.47,24.11
20261009,002935.SZ,19.32,15.8
20261009,002936.SZ,1.9,1.56
20261009,002937.SZ,27.02,22.1
20261009,002938.SZ,85.8,70.2
20261009,002939.SZ,8.31,6.8
20261009,002940.SZ,26.28,21.5
20261009,002941.SZ,11.5,9.41
20261009,002942.SZ,19.05,15.59
20261009,002943.SZ,31.08,25.43
20261009,002945.SZ,15.03,12.29
20261009,002946.SZ,16.31,13.35
20261009,002947.SZ,59.62,48.78
20261009,002948.SZ,6.9,5.64
20261009,002949.SZ,14.18,11.6
20261009,002950.SZ,9.57,7.83
20261009,002951.SZ,18.89,15.45
20261009,002952.SZ,20.64,16.88
20261009,002953.SZ,10.87,8.89
20261009,002955.SZ,37.14,30.38
20261009,002956.SZ,19.75,16.16
20261009,002957.SZ,36.93,30.21
20261009,002958.SZ,3.25,2.66
20261009,002959.SZ,41.25,33.75
20261009,002960.SZ,9.6,7.86
20261009,002961.SZ,14.3,11.7
20261009,002962.SZ,18.36,15.02
20261009,002963.SZ,22.12,18.1
20261009,002965.SZ,30.72,25.14
20261009,002966.SZ,10.34,8.46
20261009,002967.SZ,18.79,15.37
20261009,002968.SZ,10.9,8.92
20261009,002969.SZ,11.53,9.43
20261009,002970.SZ,43.98,35.98
20261009,002971.SZ,41.72,34.14
20261009,002972.SZ,15.15,12.39
20261009,002973.SZ,13.71,11.21
20261009,002975.SZ,107.82,88.22
20261009,002976.SZ,22.66,18.54
20261009,002977.SZ,20.53,16.79
20261009,002978.SZ,27.91,22.83
20261009,002979.SZ,55.58,45.48
20261009,002980.SZ,115.46,94.46
20261009,002981.SZ,24.17,19.77
20261009,002982.SZ,13.95,11.41
20261009,002983.SZ,23.3,19.06
20261009,002984.SZ,14.21,11.63
20261009,002985.SZ,28.89,23.63
20261009,002986.SZ,14.03,11.48
20261009,002987.SZ,11.31,9.25
20261009,002988.SZ,35.15,28.76
20261009,002989.SZ,23.64,19.34
20261009,002990.SZ,57.61,47.13
20261009,002991.SZ,42.39,34.69
20261009,002992.SZ,35.33,28.91
20261009,002993.SZ,34.78,28.46
20261009,002995.SZ,18.21,14.9
20261009,002996.SZ,6.57,5.37
20261009,002997.SZ,28.61,23.41
20261009,002998.SZ,8.83,7.23
20261009,002999.SZ,6.97,5.71
20261009,003000.SZ,10.63,8.69
20261009,003001.SZ,21.66,17.72
20261009,003002.SZ,17.09,13.99
20261009,003003.SZ,12.39,10.13
20261009,003004.SZ,63.72,52.14
20261009,003005.SZ,16.26,13.3
20261009,003006.SZ,24.42,19.98
20261009,003007.SZ,42.65,34.89
20261009,003008.SZ,21.74,17.78
20261009,003009.SZ,48.19,39.43
20261009,003010.SZ,29.46,24.1
20261009,003011.SZ,21.76,17.8
20261009,003012.SZ,5.14,4.2
20261009,003013.SZ,19.09,15.62
20261009,003015.SZ,13.06,10.68
20261009,003016.SZ,8.25,6.75
20261009,003017.SZ,25.06,20.5
20261009,003018.SZ,47.56,38.92
20261009,003019.SZ,28.18,23.06
20261009,003020.SZ,18.66,15.26
20261009,003021.SZ,72.39,59.23
20261009,003022.SZ,20.31,16.61
20261009,003023.SZ,28.46,23.28
20261009,003025.SZ,13.17,10.77
20261009,003026.SZ,33.94,27.77
20261009,003027.SZ,18.5,15.14
20261009,003028.SZ,25.49,20.85
20261009,003029.SZ,18.7,15.3
20261009,003030.SZ,28.02,22.92
20261009,003031.SZ,121.7,99.58
20261009,003032.SZ,9.47,7.75
20261009,003033.SZ,90.44,74.0
20261009,003035.SZ,5.84,4.78
20261009,003036.SZ,47.25,38.66
20261009,003037.SZ,6.39,5.23
20261009,003038.SZ,11.69,9.57
20261009,003039.SZ,14.0,11.46
20261009,003040.SZ,15.98,13.08
20261009,003041.SZ,42.2,34.52
20261009,003042.SZ,15.66,12.82
20261009,003043.SZ,67.61,55.31
20261009,003816.SZ,4.85,3.97
20261009,200011.SZ,3.39,2.77
20261009,200012.SZ,1.28,1.04
20261009,200016.SZ,0.78,0.64
20261009,200017.SZ,1.75,1.43
20261009,200019.SZ,3.51,2.87
20261009,200020.SZ,2.87,2.35
20261009,200025.SZ,4.37,3.57
20261009,200026.SZ,9.35,7.65
20261009,200028.SZ,13.12,10.74
20261009,200029.SZ,4.44,3.64
20261009,200030.SZ,2.89,2.37
20261009,200037.SZ,2.45,2.01
20261009,200045.SZ,4.5,3.68
20261009,200055.SZ,1.51,1.23
20261009,200056.SZ,0.64,0.52
20261009,200058.SZ,1.75,1.43
20261009,200429.SZ,10.18,8.33
20261009,200468.SZ,4.0,3.28
20261009,200488.SZ,0.68,0.56
20261009,200505.SZ,2.12,1.74
20261009,200512.SZ,2.32,1.9
20261009,200521.SZ,3.07,2.51
20261009,200530.SZ,1.74,1.42
20261009,200539.SZ,2.02,1.66
20261009,200541.SZ,2.01,1.65
20261009,200550.SZ,10.7,8.76
20261009,200553.SZ,3.06,2.5
20261009,200570.SZ,2.27,1.85
20261009,200581.SZ,14.39,11.77
20261009,200596.SZ,60.02,49.1
20261009,200625.SZ,3.58,2.93
20261009,200706.SZ,3.08,2.52
20261009,200725.SZ,5.28,4.32
20261009,200726.SZ,4.73,3.87
20261009,200761.SZ,1.0,0.82
20261009,200869.SZ,9.03,7.39
20261009,200992.SZ,1.73,1.41
20261009,201872.SZ,20.55,16.81
20261009,300001.SZ,40.2,26.8
20261009,300002.SZ,9.06,6.04
20261009,300003.SZ,13.75,9.17
20261009,300004.SZ,9.04,6.02
20261009,300005.SZ,12.46,8.3
20261009,300006.SZ,6.44,4.3
20261009,300007.SZ,34.44,22.96
20261009,300008.SZ,7.38,4.92
20261009,300009.SZ,10.06,6.7
20261009,300010.SZ,6.02,4.02
20261009,300011.SZ,6.94,4.62
20261009,300012.SZ,17.04,11.36
20261009,300013.SZ,4.96,3.3
20261009,300014.SZ,60.58,40.38
20261009,300015.SZ,9.43,6.29
20261009,300016.SZ,11.02,7.34
20261009,300017.SZ,16.61,11.07
20261009,300018.SZ,14.35,9.57
20261009,300019.SZ,16.48,10.98
20261009,300020.SZ,4.36,2.9
20261009,300021.SZ,4.52,3.02
20261009,300022.SZ,9.28,6.18
20261009,300024.SZ,15.34,10.22
20261009,300025.SZ,6.96,4.64
20261009,300026.SZ,3.88,2.58
20261009,300027.SZ,1.97,1.31
20261009,300030.SZ,8.23,5.49
20261009,300031.SZ,23.45,15.63
20261009,300032.SZ,4.4,2.94
20261009,300033.SZ,229.56,153.04
20261009,300034.SZ,18.07,12.05
20261009,300035.SZ,15.36,10.24
20261009,300036.SZ,12.05,8.03
20261009,300037.SZ,80.22,53.48
20261009,300039.SZ,6.2,4.14
20261009,300040.SZ,6.9,4.6
20261009,300041.SZ,12.56,8.38
20261009,300042.SZ,40.78,27.18
20261009,300043.SZ,5.03,3.35
20261009,300044.SZ,6.92,4.62
20261009,300045.SZ,14.2,9.46
20261009,300046.SZ,27.52,18.34
20261009,300047.SZ,10.42,6.94
20261009,300048.SZ,5.74,3.82
20261009,300049.SZ,49.26,32.84
20261009,300050.SZ,8.0,5.34
20261009,300051.SZ,9.24,6.16
20261009,300052.SZ,12.13,8.09
20261009,300053.SZ,13.84,9.22
20261009,300054.SZ,75.53,50.35
20261009,300055.SZ,6.78,4.52
20261009,300056.SZ,8.87,5.91
20261009,300057.SZ,7.37,4.91
20261009,300058.SZ,14.46,9.64
20261009,300059.SZ,20.74,13.82
20261009,300061.SZ,7.93,5.29
20261009,300062.SZ,7.46,4.98
20261009,300063.SZ,9.83,6.55
20261009,300065.SZ,17.23,11.49
20261009,300066.SZ,5.44,3.62
20261009,300067.SZ,6.22,4.14
20261009,300068.SZ,4.72,3.14
20261009,300069.SZ,30.67,20.45
20261009,300070.SZ,4.09,2.73
20261009,300071.SZ,4.64,3.1
20261009,300072.SZ,4.58,3.06
20261009,300073.SZ,49.54,33.02
20261009,300074.SZ,4.51,3.01
20261009,300075.SZ,12.31,8.21
20261009,300076.SZ,4.92,3.28
20261009,300077.SZ,22.97,15.31
20261009,300078.SZ,3.19,2.13
20261009,300079.SZ,5.59,3.73
20261009,300080.SZ,4.43,2.95
20261009,300081.SZ,3.85,2.57
20261009,300082.SZ,10.3,6.86
20261009,300083.SZ,13.45,8.97
20261009,300084.SZ,12.0,8.0
20261009,300085.SZ,33.48,22.32
20261009,300086.SZ,6.43,4.29
20261009,300087.SZ,6.77,4.51
20261009,300088.SZ,7.76,5.18
20261009,300091.SZ,2.83,1.89
20261009,300092.SZ,13.74,9.16
20261009,300093.SZ,23.57,15.71
20261009,300094.SZ,3.47,2.31
20261009,300095.SZ,10.76,7.18
20261009,300096.SZ,10.09,6.73
20261009,300097.SZ,11.36,7.58
20261009,300098.SZ,4.92,3.28
20261009,300099.SZ,7.27,4.85
20261009,300100.SZ,24.94,16.62
20261009,300101.SZ,16.1,10.74
20261009,300102.SZ,18.72,12.48
20261009,300103.SZ,9.6,6.4
20261009,300105.SZ,8.35,5.57
20261009,300106.SZ,12.84,8.56
20261009,300107.SZ,8.74,5.82
20261009,300109.SZ,15.3,10.2
20261009,300110.SZ,3.78,2.52
20261009,300111.SZ,3.56,2.38
20261009,300112.SZ,11.5,7.66
20261009,300113.SZ,18.24,12.16
20261009,300115.SZ,25.78,17.18
20261009,300118.SZ,10.45,6.97
20261009,300119.SZ,19.94,13.3
20261009,300120.SZ,8.78,5.86
20261009,300121.SZ,11.54,7.7
20261009,300122.SZ,16.31,10.87
20261009,300123.SZ,5.02,3.34
20261009,300124.SZ,59.82,39.88
20261009,300125.SZ,10.06,6.7
20261009,300126.SZ,7.91,5.27
20261009,300127.SZ,27.58,18.38
20261009,300128.SZ,5.59,3.73
20261009,300129.SZ,8.89,5.93
20261009,300130.SZ,20.56,13.7
20261009,300131.SZ,15.6,10.4
20261009,300132.SZ,7.27,4.85
20261009,300133.SZ,9.07,6.05
20261009,300134.SZ,9.64,6.42
20261009,300135.SZ,4.16,2.78
20261009,300136.SZ,61.94,41.3
20261009,300137.SZ,11.66,7.78
20261009,300138.SZ,13.68,9.12
20261009,300139.SZ,49.84,33.22
20261009,300140.SZ,6.43,4.29
20261009,300141.SZ,12.04,8.02
20261009,300142.SZ,16.9,11.26
20261009,300143.SZ,9.28,6.18
20261009,300144.SZ,6.64,4.42
20261009,300145.SZ,5.35,3.57
20261009,300146.SZ,11.32,7.54
20261009,300147.SZ,6.55,4.37
20261009,300148.SZ,4.15,2.77
20261009,300149.SZ,11.34,7.56
20261009,300150.SZ,4.96,3.3
20261009,300151.SZ,22.81,15.21
20261009,300152.SZ,1.88,1.26
20261009,300153.SZ,26.78,17.86
20261009,300154.SZ,16.27,10.85
20261009,300155.SZ,5.42,3.62
20261009,300157.SZ,4.42,2.94
20261009,300158.SZ,6.18,4.12
20261009,300159.SZ,3.29,2.19
20261009,300160.SZ,5.29,3.53
20261009,300161.SZ,30.6,20.4
20261009,300162.SZ,11.66,7.78
20261009,300163.SZ,8.64,5.76
20261009,300164.SZ,11.17,7.45
20261009,300165.SZ,5.96,3.98
20261009,300166.SZ,13.45,8.97
20261009,300167.SZ,4.46,2.98
20261009,300168.SZ,5.7,3.8
20261009,300169.SZ,6.54,4.36
20261009,300170.SZ,17.53,11.69
20261009,300171.SZ,19.14,12.76
20261009,300172.SZ,5.56,3.7
20261009,300173.SZ,4.03,2.69
20261009,300174.SZ,20.33,13.55
20261009,300175.SZ,6.48,4.32
20261009,300176.SZ,5.29,3.53
20261009,300177.SZ,7.08,4.72
20261009,300179.SZ,44.89,29.93
20261009,300180.SZ,5.16,3.44
20261009,300181.SZ,15.74,10.5
20261009,300182.SZ,6.01,4.01
20261009,300183.SZ,12.65,8.43
20261009,300184.SZ,12.82,8.54
20261009,300185.SZ,3.4,2.26
20261009,300187.SZ,5.41,3.61
20261009,300188.SZ,12.34,8.22
20261009,300189.SZ,7.27,4.85
20261009,300190.SZ,4.48,2.98
20261009,300191.SZ,37.38,24.92
20261009,300192.SZ,29.08,19.38
20261009,300193.SZ,9.54,6.36
20261009,300194.SZ,4.72,3.14
20261009,300195.SZ,7.36,4.9
20261009,300196.SZ,20.24,13.5
20261009,300197.SZ,2.36,1.58
20261009,300198.SZ,2.81,1.87
20261009,300199.SZ,28.5,19.0
20261009,300200.SZ,9.7,6.46
20261009,300201.SZ,15.01,10.01
20261009,300203.SZ,15.68,10.46
20261009,300204.SZ,24.31,16.21
20261009,300205.SZ,5.83,3.89
20261009,300206.SZ,13.73,9.15
20261009,300207.SZ,25.8,17.2
20261009,300209.SZ,40.52,27.02
20261009,300210.SZ,8.78,5.86
20261009,300211.SZ,9.0,6.0
20261009,300212.SZ,9.17,6.11
20261009,300213.SZ,7.63,5.09
20261009,300214.SZ,11.66,7.78
20261009,300215.SZ,7.88,5.26
20261009,300217.SZ,4.8,3.2
20261009,300218.SZ,15.07,10.05
20261009,300219.SZ,7.82,5.22
20261009,300220.SZ,13.52,9.02
20261009,300221.SZ,15.4,10.26
20261009,300222.SZ,11.2,7.46
20261009,300223.SZ,143.69,95.79
20261009,300224.SZ,13.69,9.13
20261009,300225.SZ,9.66,6.44
20261009,300226.SZ,20.05,13.37
20261009,300227.SZ,11.9,7.94
20261009,300228.SZ,7.94,5.3
20261009,300229.SZ,14.77,9.85
20261009,300230.SZ,5.18,3.46
20261009,300231.SZ,9.67,6.45
20261009,300232.SZ,6.37,4.25
20261009,300233.SZ,16.2,10.8
20261009,300234.SZ,12.24,8.16
20261009,300235.SZ,14.44,9.62
20261009,300236.SZ,96.06,64.04
20261009,300237.SZ,2.83,1.89
20261009,300238.SZ,14.03,9.35
20261009,300239.SZ,6.64,4.42
20261009,300240.SZ,7.48,4.98
20261009,300241.SZ,6.76,4.5
20261009,300242.SZ,4.61,3.07
20261009,300243.SZ,24.41,16.27
20261009,300244.SZ,23.68,15.78
20261009,300245.SZ,6.83,4.55
20261009,300246.SZ,18.32,12.22
20261009,300247.SZ,4.39,2.93
20261009,300248.SZ,9.72,6.48
20261009,300249.SZ,14.51,9.67
20261009,300250.SZ,17.22,11.48
20261009,300251.SZ,12.71,8.47
20261009,300252.SZ,13.38,8.92
20261009,300253.SZ,8.29,5.53
20261009,300254.SZ,11.02,7.34
20261009,300255.SZ,26.27,17.51
20261009,300256.SZ,3.06,2.04
20261009,300257.SZ,20.09,13.39
20261009,300258.SZ,10.5,7.0
20261009,300259.SZ,4.57,3.05
20261009,300260.SZ,59.78,39.86
20261009,300261.SZ,5.82,3.88
20261009,300263.SZ,11.32,7.54
20261009,300264.SZ,7.0,4.66
20261009,300265.SZ,14.27,9.51
20261009,300266.SZ,2.23,1.49
20261009,300267.SZ,3.88,2.58
20261009,300268.SZ,14.06,9.38
20261009,300269.SZ,5.38,3.58
20261009,300270.SZ,12.16,8.1
20261009,300271.SZ,6.73,4.49
20261009,300272.SZ,7.22,4.82
20261009,300274.SZ,96.59,64.39
20261009,300275.SZ,10.57,7.05
20261009,300276.SZ,7.13,4.75
20261009,300277.SZ,15.54,10.36
20261009,300278.SZ,4.09,2.73
20261009,300279.SZ,6.72,4.48
20261009,300281.SZ,8.24,5.5
20261009,300283.SZ,14.92,9.94
20261009,300284.SZ,6.13,4.09
20261009,300285.SZ,72.24,48.16
20261009,300286.SZ,22.26,14.84
20261009,300287.SZ,4.13,2.75
20261009,300288.SZ,11.34,7.56
20261009,300289.SZ,7.24,4.82
20261009,300290.SZ,7.81,5.21
20261009,300291.SZ,5.81,3.87
20261009,300292.SZ,5.14,3.42
20261009,300293.SZ,16.26,10.84
20261009,300294.SZ,17.59,11.73
20261009,300295.SZ,14.17,9.45
20261009,300296.SZ,5.53,3.69
20261009,300298.SZ,19.2,12.8
20261009,300299.SZ,6.26,4.18
20261009,300300.SZ,12.54,8.36
20261009,300301.SZ,4.99,3.33
20261009,300302.SZ,29.96,19.98
20261009,300303.SZ,7.49,4.99
20261009,300304.SZ,14.65,9.77
20261009,300305.SZ,7.76,5.18
20261009,300306.SZ,12.35,8.23
20261009,300307.SZ,8.17,5.45
20261009,300308.SZ,939.6,626.4
20261009,300310.SZ,5.02,3.34
20261009,300311.SZ,7.1,4.74
20261009,300313.SZ,14.65,9.77
20261009,300314.SZ,15.26,10.18
20261009,300315.SZ,4.58,3.06
20261009,300316.SZ,42.35,28.23
20261009,300317.SZ,4.88,3.26
20261009,300318.SZ,6.2,4.14
20261009,300319.SZ,21.07,14.05
20261009,300320.SZ,9.9,6.6
20261009,300321.SZ,37.15,24.77
20261009,300322.SZ,18.73,12.49
20261009,300323.SZ,11.95,7.97
20261009,300324.SZ,4.32,2.88
20261009,300326.SZ,7.36,4.9
20261009,300327.SZ,28.54,19.02
20261009,300328.SZ,14.02,9.34
20261009,300329.SZ,13.69,9.13
20261009,300331.SZ,49.06,32.7
20261009,300332.SZ,6.02,4.02
20261009,300333.SZ,13.45,8.97
20261009,300334.SZ,10.07,6.71
20261009,300335.SZ,6.74,4.5
20261009,300337.SZ,10.64,7.1
20261009,300338.SZ,2.98,1.98
20261009,300339.SZ,41.16,27.44
20261009,300340.SZ,11.1,7.4
20261009,300341.SZ,15.05,10.03
20261009,300342.SZ,36.07,24.05
20261009,300343.SZ,6.22,4.14
20261009,300345.SZ,7.57,5.05
20261009,300346.SZ,57.11,38.07
20261009,300347.SZ,66.56,44.38
20261009,300348.SZ,10.82,7.22
20261009,300349.SZ,11.95,7.97
20261009,300350.SZ,5.92,3.94
20261009,300351.SZ,15.97,10.65
20261009,300352.SZ,3.38,2.26
20261009,300353.SZ,19.02,12.68
20261009,300354.SZ,32.29,21.53
20261009,300355.SZ,3.29,2.19
20261009,300357.SZ,23.74,15.82
20261009,300358.SZ,11.27,7.51
20261009,300359.SZ,4.87,3.25
20261009,300360.SZ,13.36,8.9
20261009,300363.SZ,28.19,18.79
20261009,300364.SZ,24.47,16.31
20261009,300365.SZ,5.38,3.58
20261009,300366.SZ,6.49,4.33
20261009,300368.SZ,10.67,7.11
20261009,300369.SZ,10.43,6.95
20261009,300370.SZ,2.48,1.66
20261009,300371.SZ,12.11,8.07
20261009,300373.SZ,97.2,64.8
20261009,300374.SZ,12.22,8.14
20261009,300375.SZ,4.86,3.24
20261009,300376.SZ,4.93,3.29
20261009,300377.SZ,15.36,10.24
20261009,300378.SZ,41.86,27.9
20261009,300380.SZ,32.09,21.39
20261009,300381.SZ,6.73,4.49
20261009,300382.SZ,15.85,10.57
20261009,300383.SZ,12.32,8.22
20261009,300384.SZ,14.11,9.41
20261009,300385.SZ,15.0,10.0
20261009,300386.SZ,12.72,8.48
20261009,300387.SZ,8.92,5.94
20261009,300388.SZ,8.08,5.38
20261009,300389.SZ,15.13,10.09
20261009,300390.SZ,60.56,40.38
20261009,300393.SZ,6.88,4.58
20261009,300394.SZ,282.08,188.06
20261009,300395.SZ,108.53,72.35
20261009,300396.SZ,8.46,5.64
20261009,300397.SZ,12.54,8.36
20261009,300398.SZ,38.06,25.38
20261009,300399.SZ,22.4,14.94
20261009,300400.SZ,36.82,24.54
20261009,300401.SZ,18.2,12.14
20261009,300402.SZ,17.47,11.65
20261009,300403.SZ,10.2,6.8
20261009,300404.SZ,16.7,11.14
20261009,300405.SZ,7.06,4.7
20261009,300406.SZ,14.33,9.55
20261009,300407.SZ,13.07,8.71
20261009,300408.SZ,139.56,93.04
20261009,300409.SZ,20.84,13.9
20261009,300410.SZ,10.14,6.76
20261009,300411.SZ,9.86,6.58
20261009,300412.SZ,5.44,3.62
20261009,300413.SZ,23.0,15.34
20261009,300414.SZ,12.55,8.37
20261009,300415.SZ,22.5,15.0
20261009,300416.SZ,15.97,10.65
20261009,300417.SZ,14.34,9.56
20261009,300418.SZ,46.03,30.69
20261009,300419.SZ,9.25,6.17
20261009,300420.SZ,8.35,5.57
20261009,300421.SZ,19.3,12.86
20261009,300422.SZ,4.91,3.27
20261009,300423.SZ,6.58,4.38
20261009,300424.SZ,15.11,10.07
20261009,300425.SZ,4.9,3.26
20261009,300426.SZ,9.35,6.23
20261009,300427.SZ,7.26,4.84
20261009,300428.SZ,22.61,15.07
20261009,300429.SZ,12.29,8.19
20261009,300430.SZ,4.9,3.26
20261009,300432.SZ,15.65,10.43
20261009,300433.SZ,36.05,24.03
20261009,300434.SZ,14.89,9.93
20261009,300435.SZ,19.07,12.71
20261009,300436.SZ,95.98,63.98
20261009,300437.SZ,12.98,8.66
20261009,300438.SZ,59.26,39.5
20261009,300439.SZ,12.2,8.14
20261009,300440.SZ,19.62,13.08
20261009,300441.SZ,8.48,5.66
20261009,300442.SZ,74.92,49.94
20261009,300443.SZ,25.82,17.22
20261009,300444.SZ,10.2,6.8
20261009,300445.SZ,21.61,14.41
20261009,300446.SZ,14.84,9.9
20261009,300447.SZ,16.63,11.09
20261009,300448.SZ,6.37,4.25
20261009,300449.SZ,7.7,5.14
20261009,300450.SZ,45.11,30.07
20261009,300451.SZ,4.13,2.75
20261009,300452.SZ,16.07,10.71
20261009,300453.SZ,10.86,7.24
20261009,300454.SZ,153.48,102.32
20261009,300455.SZ,19.72,13.14
20261009,300456.SZ,39.67,26.45
20261009,300457.SZ,26.28,17.52
20261009,300458.SZ,36.22,24.14
20261009,300459.SZ,4.09,2.73
20261009,300460.SZ,10.5,7.0
20261009,300461.SZ,45.01,30.01
20261009,300462.SZ,13.99,9.33
20261009,300463.SZ,11.3,7.54
20261009,300464.SZ,11.44,7.62
20261009,300465.SZ,13.01,8.67
20261009,300466.SZ,8.64,5.76
20261009,300467.SZ,38.6,25.74
20261009,300468.SZ,23.88,15.92
20261009,300469.SZ,60.8,40.54
20261009,300470.SZ,32.7,21.8
20261009,300471.SZ,12.13,8.09
20261009,300472.SZ,8.11,5.41
20261009,300473.SZ,44.22,29.48
20261009,300474.SZ,58.92,39.28
20261009,300475.SZ,173.98,115.98
20261009,300476.SZ,247.48,164.98
20261009,300477.SZ,3.32,2.22
20261009,300478.SZ,38.76,25.84
20261009,300479.SZ,17.45,11.63
20261009,300480.SZ,34.72,23.14
20261009,300481.SZ,16.02,10.68
20261009,300482.SZ,20.02,13.34
20261009,300483.SZ,29.4,19.6
20261009,300484.SZ,15.35,10.23
20261009,300485.SZ,10.06,6.7
20261009,300486.SZ,20.35,13.57
20261009,300487.SZ,77.72,51.82
20261009,300488.SZ,41.41,27.61
20261009,300489.SZ,315.6,210.4
20261009,300490.SZ,13.22,8.82
20261009,300491.SZ,38.6,25.74
20261009,300492.SZ,24.36,16.24
20261009,300493.SZ,14.47,9.65
20261009,300494.SZ,9.49,6.33
20261009,300496.SZ,62.11,41.41
20261009,300497.SZ,21.89,14.59
20261009,300498.SZ,17.84,11.9
20261009,300499.SZ,35.89,23.93
20261009,300500.SZ,11.63,7.75
20261009,300501.SZ,13.78,9.18
20261009,300502.SZ,454.2,302.8
20261009,300503.SZ,69.9,46.6
20261009,300504.SZ,19.84,13.22
20261009,300505.SZ,21.59,14.39
20261009,300506.SZ,5.78,3.86
20261009,300507.SZ,7.45,4.97
20261009,300508.SZ,41.71,27.81
20261009,300509.SZ,10.5,7.0
20261009,300510.SZ,4.15,2.77
20261009,300511.SZ,5.76,3.84
20261009,300512.SZ,8.84,5.9
20261009,300513.SZ,8.86,5.9
20261009,300514.SZ,12.38,8.26
20261009,300515.SZ,19.22,12.82
20261009,300516.SZ,40.04,26.7
20261009,300517.SZ,13.31,8.87
20261009,300518.SZ,30.48,20.32
20261009,300519.SZ,17.82,11.88
20261009,300520.SZ,25.93,17.29
20261009,300521.SZ,28.1,18.74
20261009,300522.SZ,19.87,13.25
20261009,300523.SZ,27.82,18.54
20261009,300525.SZ,9.05,6.03
20261009,300527.SZ,8.9,5.94
20261009,300528.SZ,15.25,10.17
20261009,300529.SZ,18.0,12.0
20261009,300530.SZ,28.9,19.26
20261009,300531.SZ,18.38,12.26
20261009,300532.SZ,8.72,5.82
20261009,300533.SZ,16.46,10.98
20261009,300534.SZ,14.66,9.78
20261009,300535.SZ,18.82,12.54
20261009,300536.SZ,9.58,6.38
20261009,300537.SZ,23.14,15.42
20261009,300538.SZ,16.58,11.06
20261009,300539.SZ,20.3,13.54
20261009,300540.SZ,29.45,19.63
20261009,300541.SZ,10.98,7.32
20261009,300542.SZ,14.3,9.54
20261009,300543.SZ,9.17,6.11
20261009,300545.SZ,30.22,20.14
20261009,300546.SZ,20.05,13.37
20261009,300547.SZ,27.13,18.09
20261009,300548.SZ,228.53,152.35
20261009,300549.SZ,17.8,11.86
20261009,300550.SZ,16.62,11.08
20261009,300551.SZ,13.55,9.03
20261009,300552.SZ,23.88,15.92
20261009,300553.SZ,63.86,42.58
20261009,300554.SZ,26.02,17.34
20261009,300555.SZ,14.74,9.82
20261009,300556.SZ,19.1,12.74
20261009,300557.SZ,28.39,18.93
20261009,300558.SZ,57.42,38.28
20261009,300559.SZ,15.16,10.1
20261009,300560.SZ,17.83,11.89
20261009,300561.SZ,16.5,11.0
20261009,300562.SZ,17.51,11.67
20261009,300563.SZ,28.44,18.96
20261009,300564.SZ,15.14,10.1
20261009,300565.SZ,11.64,7.76
20261009,300566.SZ,26.8,17.86
20261009,300567.SZ,210.23,140.15
20261009,300568.SZ,18.74,12.5
20261009,300569.SZ,6.22,4.14
20261009,300570.SZ,238.8,159.2
20261009,300571.SZ,31.28,20.86
20261009,300572.SZ,27.92,18.62
20261009,300573.SZ,42.79,28.53
20261009,300575.SZ,7.33,4.89
20261009,300576.SZ,30.94,20.62
20261009,300577.SZ,21.88,14.58
20261009,300578.SZ,17.71,11.81
20261009,300579.SZ,27.17,18.11
20261009,300580.SZ,20.82,13.88
20261009,300581.SZ,11.89,7.93
20261009,300582.SZ,12.37,8.25
20261009,300583.SZ,16.56,11.04
20261009,300584.SZ,40.56,27.04
20261009,300585.SZ,16.44,10.96
20261009,300586.SZ,10.26,6.84
20261009,300587.SZ,5.45,3.63
20261009,300588.SZ,24.24,16.16
20261009,300589.SZ,16.28,10.86
20261009,300590.SZ,13.22,8.82
20261009,300591.SZ,7.38,4.92
20261009,300592.SZ,21.78,14.52
20261009,300593.SZ,33.78,22.52
20261009,300594.SZ,18.08,12.06
20261009,300595.SZ,12.07,8.05
20261009,300596.SZ,47.71,31.81
20261009,300597.SZ,9.54,6.36
20261009,300598.SZ,35.46,23.64
20261009,300599.SZ,18.7,12.46
20261009,300600.SZ,12.1,8.06
20261009,300601.SZ,15.88,10.58
20261009,300602.SZ,40.25,26.83
20261009,300603.SZ,9.18,6.12
20261009,300604.SZ,274.2,182.8
20261009,300605.SZ,12.56,8.38
20261009,300606.SZ,37.09,24.73
20261009,300607.SZ,34.62,23.08
20261009,300608.SZ,11.76,7.84
20261009,300609.SZ,27.1,18.06
20261009,300610.SZ,12.66,8.44
20261009,300611.SZ,32.32,21.54
20261009,300612.SZ,14.3,9.54
20261009,300613.SZ,86.87,57.91
20261009,300614.SZ,12.46,8.3
20261009,300615.SZ,15.23,10.15
20261009,300616.SZ,13.07,8.71
20261009,300617.SZ,41.06,27.38
20261009,300618.SZ,36.77,24.51
20261009,300619.SZ,33.8,22.54
20261009,300620.SZ,301.14,200.76
20261009,300621.SZ,8.52,5.68
20261009,300622.SZ,16.98,11.32
20261009,300623.SZ,37.14,24.76
20261009,300624.SZ,54.86,36.58
20261009,300625.SZ,11.94,7.96
20261009,300626.SZ,33.16,22.1
20261009,300627.SZ,31.72,21.14
20261009,300628.SZ,48.04,32.02
20261009,300629.SZ,20.76,13.84
20261009,300631.SZ,26.59,17.73
20261009,300632.SZ,20.05,13.37
20261009,300633.SZ,22.69,15.13
20261009,300634.SZ,23.98,15.98
20261009,300635.SZ,14.14,9.42
20261009,300636.SZ,8.52,5.68
20261009,300637.SZ,12.16,8.1
20261009,300638.SZ,22.13,14.75
20261009,300639.SZ,7.43,4.95
20261009,300640.SZ,7.48,4.98
20261009,300641.SZ,15.83,10.55
20261009,300642.SZ,23.59,15.73
20261009,300643.SZ,22.25,14.83
20261009,300644.SZ,24.55,16.37
20261009,300645.SZ,16.56,11.04
20261009,300647.SZ,11.52,7.68
20261009,300648.SZ,43.99,29.33
20261009,300649.SZ,33.0,22.0
20261009,300650.SZ,13.91,9.27
20261009,300651.SZ,19.08,12.72
20261009,300652.SZ,32.12,21.42
20261009,300653.SZ,19.02,12.68
20261009,300654.SZ,11.33,7.55
20261009,300655.SZ,14.2,9.46
20261009,300656.SZ,34.2,22.8
20261009,300657.SZ,37.42,24.94
20261009,300658.SZ,12.11,8.07
20261009,300659.SZ,13.02,8.68
20261009,300660.SZ,27.59,18.39
20261009,300661.SZ,115.2,76.8
20261009,300662.SZ,25.09,16.73
20261009,300663.SZ,8.75,5.83
20261009,300664.SZ,5.6,3.74
20261009,300665.SZ,10.37,6.91
20261009,300666.SZ,251.54,167.7
20261009,300667.SZ,17.02,11.34
20261009,300668.SZ,35.62,23.74
20261009,300669.SZ,28.44,18.96
20261009,300670.SZ,8.62,5.74
20261009,300671.SZ,60.86,40.58
20261009,300672.SZ,204.24,136.16
20261009,300673.SZ,18.42,12.28
20261009,300674.SZ,17.34,11.56
20261009,300675.SZ,18.04,12.02
20261009,300676.SZ,52.51,35.01
20261009,300677.SZ,56.05,37.37
20261009,300678.SZ,25.01,16.67
20261009,300679.SZ,45.77,30.51
20261009,300680.SZ,23.21,15.47
20261009,300681.SZ,24.22,16.14
20261009,300682.SZ,10.38,6.92
20261009,300683.SZ,32.7,21.8
20261009,300684.SZ,108.12,72.08
20261009,300685.SZ,25.01,16.67
20261009,300686.SZ,16.51,11.01
20261009,300687.SZ,32.09,21.39
20261009,300688.SZ,39.14,26.1
20261009,300689.SZ,74.24,49.5
20261009,300690.SZ,30.84,20.56
20261009,300691.SZ,21.19,14.13
20261009,300692.SZ,10.67,7.11
20261009,300693.SZ,42.42,28.28
20261009,300694.SZ,12.66,8.44
20261009,300695.SZ,56.62,37.74
20261009,300696.SZ,23.28,15.52
20261009,300697.SZ,16.81,11.21
20261009,300698.SZ,30.96,20.64
20261009,300699.SZ,27.22,18.14
20261009,300700.SZ,19.55,13.03
20261009,300701.SZ,11.56,7.7
20261009,300702.SZ,26.74,17.82
20261009,300703.SZ,16.1,10.74
20261009,300705.SZ,13.09,8.73
20261009,300706.SZ,52.56,35.04
20261009,300707.SZ,14.44,9.62
20261009,300708.SZ,10.87,7.25
20261009,300709.SZ,39.91,26.61
20261009,300710.SZ,33.02,22.02
20261009,300711.SZ,21.32,14.22
20261009,300712.SZ,24.05,16.03
20261009,300713.SZ,17.02,11.34
20261009,300715.SZ,15.48,10.32
20261009,300716.SZ,19.86,13.24
20261009,300717.SZ,23.93,15.95
20261009,300718.SZ,60.24,40.16
20261009,300719.SZ,13.92,9.28
20261009,300720.SZ,67.44,44.96
20261009,300721.SZ,23.72,15.82
20261009,300722.SZ,25.02,16.68
20261009,300723.SZ,39.41,26.27
20261009,300724.SZ,61.79,41.19
20261009,300725.SZ,62.08,41.38
20261009,300726.SZ,58.06,38.7
20261009,300727.SZ,36.97,24.65
20261009,300729.SZ,13.13,8.75
20261009,300730.SZ,13.34,8.9
20261009,300731.SZ,49.64,33.1
20261009,300732.SZ,7.02,4.68
20261009,300733.SZ,14.75,9.83
20261009,300735.SZ,20.22,13.48
20261009,300736.SZ,41.87,27.91
20261009,300737.SZ,5.64,3.76
20261009,300738.SZ,21.6,14.4
20261009,300739.SZ,31.68,21.12
20261009,300740.SZ,26.38,17.58
20261009,300741.SZ,28.32,18.88
20261009,300743.SZ,17.3,11.54
20261009,300745.SZ,30.58,20.38
20261009,300746.SZ,18.22,12.14
20261009,300747.SZ,42.07,28.05
20261009,300748.SZ,28.56,19.04
20261009,300749.SZ,25.38,16.92
20261009,300750.SZ,344.1,229.4
20261009,300751.SZ,201.18,134.12
20261009,300752.SZ,14.42,9.62
20261009,300753.SZ,24.3,16.2
20261009,300755.SZ,13.37,8.91
20261009,300756.SZ,34.92,23.28
20261009,300757.SZ,609.6,406.4
20261009,300758.SZ,13.85,9.23
20261009,300759.SZ,52.5,35.0
20261009,300760.SZ,189.12,126.08
20261009,300761.SZ,23.96,15.98
20261009,300762.SZ,29.71,19.81
20261009,300763.SZ,64.01,42.67
20261009,300765.SZ,54.12,36.08
20261009,300766.SZ,24.41,16.27
20261009,300767.SZ,21.95,14.63
20261009,300768.SZ,17.33,11.55
20261009,300769.SZ,50.94,33.96
20261009,300770.SZ,40.66,27.1
20261009,300771.SZ,13.76,9.18
20261009,300772.SZ,11.62,7.74
20261009,300773.SZ,17.26,11.5
20261009,300774.SZ,11.39,7.59
20261009,300775.SZ,23.24,15.5
20261009,300776.SZ,134.88,89.92
20261009,300777.SZ,23.71,15.81
20261009,300778.SZ,13.14,8.76
20261009,300779.SZ,62.27,41.51
20261009,300780.SZ,21.53,14.35
20261009,300781.SZ,30.5,20.34
20261009,300782.SZ,77.58,51.72
20261009,300783.SZ,20.06,13.38
20261009,300784.SZ,50.92,33.94
20261009,300785.SZ,40.8,27.2
20261009,300786.SZ,16.22,10.82
20261009,300787.SZ,13.6,9.06
20261009,300788.SZ,34.9,23.26
20261009,300789.SZ,18.77,12.51
20261009,300790.SZ,21.02,14.02
20261009,300791.SZ,21.71,14.47
20261009,300792.SZ,28.39,18.93
20261009,300793.SZ,13.6,9.06
20261009,300795.SZ,15.12,10.08
20261009,300796.SZ,8.39,5.59
20261009,300797.SZ,15.46,10.3
20261009,300798.SZ,10.01,6.67
20261009,300800.SZ,12.76,8.5
20261009,300801.SZ,27.5,18.34
20261009,300802.SZ,27.12,18.08
20261009,300803.SZ,61.49,40.99
20261009,300804.SZ,55.94,37.3
20261009,300805.SZ,10.2,6.8
20261009,300806.SZ,54.23,36.15
20261009,300807.SZ,40.03,26.69
20261009,300808.SZ,23.51,15.67
20261009,300809.SZ,27.35,18.23
20261009,300810.SZ,27.16,18.1
20261009,300811.SZ,91.26,60.84
20261009,300812.SZ,21.26,14.18
20261009,300813.SZ,27.86,18.58
20261009,300814.SZ,142.36,94.9
20261009,300815.SZ,18.06,12.04
20261009,300816.SZ,68.52,45.68
20261009,300817.SZ,20.16,13.44
20261009,300818.SZ,18.77,12.51
20261009,300819.SZ,50.28,33.52
20261009,300820.SZ,73.9,49.26
20261009,300821.SZ,17.15,11.43
20261009,300822.SZ,13.28,8.86
20261009,300823.SZ,17.69,11.79
20261009,300824.SZ,9.91,6.61
20261009,300825.SZ,13.4,8.94
20261009,300826.SZ,17.4,11.6
20261009,300827.SZ,28.49,18.99
20261009,300828.SZ,19.33,12.89
20261009,300829.SZ,25.51,17.01
20261009,300830.SZ,9.35,6.23
20261009,300831.SZ,15.77,10.51
20261009,300832.SZ,58.66,39.1
20261009,300833.SZ,52.43,34.95
20261009,300834.SZ,44.95,29.97
20261009,300835.SZ,213.82,142.54
20261009,300836.SZ,61.54,41.02
20261009,300837.SZ,26.72,17.82
20261009,300838.SZ,17.54,11.7
20261009,300839.SZ,15.3,10.2
20261009,300840.SZ,21.02,14.02
20261009,300841.SZ,64.96,43.3
20261009,300842.SZ,68.03,45.35
20261009,300843.SZ,144.13,96.09
20261009,300844.SZ,29.51,19.67
20261009,300845.SZ,16.97,11.31
20261009,300846.SZ,20.99,13.99
20261009,300847.SZ,17.03,11.35
20261009,300848.SZ,13.1,8.74
20261009,300849.SZ,24.38,16.26
20261009,300850.SZ,36.06,24.04
20261009,300851.SZ,30.16,20.1
20261009,300852.SZ,83.02,55.34
20261009,300853.SZ,36.82,24.54
20261009,300854.SZ,18.06,12.04
20261009,300855.SZ,38.99,25.99
20261009,300856.SZ,12.52,8.34
20261009,300857.SZ,281.76,187.84
20261009,300858.SZ,17.52,11.68
20261009,300859.SZ,26.38,17.58
20261009,300860.SZ,33.23,22.15
20261009,300861.SZ,17.77,11.85
20261009,300862.SZ,49.2,32.8
20261009,300863.SZ,43.2,28.8
20261009,300864.SZ,30.02,20.02
20261009,300865.SZ,34.98,23.32
20261009,300866.SZ,137.59,91.73
20261009,300867.SZ,20.26,13.5
20261009,300868.SZ,84.78,56.52
20261009,300869.SZ,12.91,8.61
20261009,300870.SZ,198.41,132.27
20261009,300871.SZ,25.5,17.0
20261009,300872.SZ,17.26,11.5
20261009,300873.SZ,17.04,11.36
20261009,300875.SZ,39.83,26.55
20261009,300876.SZ,20.04,13.36
20261009,300877.SZ,31.44,20.96
20261009,300878.SZ,35.22,23.48
20261009,300879.SZ,19.98,13.32
20261009,300880.SZ,21.59,14.39
20261009,300881.SZ,34.82,23.22
20261009,300882.SZ,15.78,10.52
20261009,300883.SZ,7.64,5.1
20261009,300884.SZ,14.38,9.58
20261009,300885.SZ,21.29,14.19
20261009,300886.SZ,28.34,18.9
20261009,300887.SZ,8.28,5.52
20261009,300888.SZ,35.82,23.88
20261009,300889.SZ,24.61,16.41
20261009,300890.SZ,35.08,23.38
20261009,300891.SZ,9.11,6.07
20261009,300892.SZ,26.96,17.98
20261009,300893.SZ,17.45,11.63
20261009,300894.SZ,11.82,7.88
20261009,300895.SZ,65.16,43.44
20261009,300896.SZ,114.22,76.14
20261009,300897.SZ,19.45,12.97
20261009,300898.SZ,24.79,16.53
20261009,300899.SZ,36.37,24.25
20261009,300900.SZ,25.8,17.2
20261009,300901.SZ,19.48,12.98
20261009,300902.SZ,21.11,14.07
20261009,300903.SZ,114.72,76.48
20261009,300904.SZ,62.5,41.66
20261009,300905.SZ,50.26,33.5
20261009,300906.SZ,33.34,22.22
20261009,300907.SZ,64.18,42.78
20261009,300908.SZ,21.05,14.03
20261009,300909.SZ,70.66,47.1
20261009,300910.SZ,32.9,21.94
20261009,300911.SZ,37.76,25.18
20261009,300912.SZ,22.36,14.9
20261009,300913.SZ,41.28,27.52
20261009,300915.SZ,28.54,19.02
20261009,300916.SZ,32.06,21.38
20261009,300917.SZ,40.49,26.99
20261009,300918.SZ,12.78,8.52
20261009,300919.SZ,45.1,30.06
20261009,300920.SZ,36.12,24.08
20261009,300921.SZ,18.59,12.39
20261009,300922.SZ,20.42,13.62
20261009,300923.SZ,28.76,19.18
20261009,300925.SZ,16.0,10.66
20261009,300926.SZ,19.88,13.26
20261009,300927.SZ,32.86,21.9
20261009,300928.SZ,28.78,19.18
20261009,300929.SZ,19.44,12.96
20261009,300930.SZ,31.22,20.82
20261009,300931.SZ,22.18,14.78
20261009,300932.SZ,12.82,8.54
20261009,300933.SZ,7.75,5.17
20261009,300935.SZ,32.18,21.46
20261009,300936.SZ,79.2,52.8
20261009,300937.SZ,28.6,19.06
20261009,300938.SZ,33.19,22.13
20261009,300939.SZ,118.01,78.67
20261009,300940.SZ,15.61,10.41
20261009,300941.SZ,17.77,11.85
20261009,300942.SZ,7.81,5.21
20261009,300943.SZ,37.8,25.2
20261009,300945.SZ,13.34,8.9
20261009,300946.SZ,41.71,27.81
20261009,300947.SZ,19.03,12.69
20261009,300948.SZ,20.74,13.82
20261009,300949.SZ,29.09,19.39
20261009,300950.SZ,23.35,15.57
20261009,300951.SZ,94.93,63.29
20261009,300952.SZ,19.32,12.88
20261009,300953.SZ,106.99,71.33
20261009,300955.SZ,33.16,22.1
20261009,300956.SZ,13.21,8.81
20261009,300957.SZ,39.12,26.08
20261009,300958.SZ,14.9,9.94
20261009,300959.SZ,100.48,66.98
20261009,300960.SZ,23.08,15.38
20261009,300961.SZ,14.21,9.47
20261009,300962.SZ,15.74,10.5
20261009,300963.SZ,12.68,8.46
20261009,300964.SZ,81.05,54.03
20261009,300965.SZ,50.26,33.5
20261009,300966.SZ,29.54,19.7
20261009,300967.SZ,18.84,12.56
20261009,300968.SZ,11.24,7.5
20261009,300969.SZ,87.06,58.04
20261009,300970.SZ,20.78,13.86
20261009,300971.SZ,21.23,14.15
20261009,300972.SZ,188.68,125.78
20261009,300973.SZ,30.42,20.28
20261009,300975.SZ,26.71,17.81
20261009,300976.SZ,64.12,42.74
20261009,300977.SZ,24.1,16.06
20261009,300978.SZ,10.51,7.01
20261009,300979.SZ,39.48,26.32
20261009,300980.SZ,19.13,12.75
20261009,300981.SZ,23.36,15.58
20261009,300982.SZ,17.18,11.46
20261009,300983.SZ,43.24,28.82
20261009,300984.SZ,36.48,24.32
20261009,300985.SZ,40.13,26.75
20261009,300986.SZ,13.13,8.75
20261009,300987.SZ,16.82,11.22
20261009,300988.SZ,19.58,13.06
20261009,300989.SZ,17.96,11.98
20261009,300990.SZ,113.36,75.58
20261009,300991.SZ,29.87,19.91
20261009,300992.SZ,31.44,20.96
20261009,300993.SZ,11.88,7.92
20261009,300994.SZ,13.64,9.1
20261009,300995.SZ,30.94,20.62
20261009,300996.SZ,13.94,9.3
20261009,300997.SZ,18.65,12.43
20261009,300998.SZ,34.58,23.06
20261009,300999.SZ,28.68,19.12
20261009,301000.SZ,27.22,18.14
20261009,301001.SZ,30.07,20.05
20261009,301002.SZ,33.79,22.53
20261009,301003.SZ,69.12,46.08
20261009,301004.SZ,40.66,27.1
20261009,301005.SZ,67.75,45.17
20261009,301006.SZ,16.74,11.16
20261009,301007.SZ,35.76,23.84
20261009,301008.SZ,58.68,39.12
20261009,301009.SZ,11.02,7.34
20261009,301010.SZ,25.38,16.92
20261009,301011.SZ,18.26,12.18
20261009,301012.SZ,26.05,17.37
20261009,301013.SZ,38.62,25.74
20261009,301015.SZ,31.13,20.75
20261009,301016.SZ,17.38,11.58
20261009,301017.SZ,17.24,11.5
20261009,301018.SZ,101.16,67.44
20261009,301019.SZ,19.52,13.02
20261009,301020.SZ,26.69,17.79
20261009,301021.SZ,84.98,56.66
20261009,301022.SZ,26.39,17.59
20261009,301023.SZ,33.66,22.44
20261009,301024.SZ,39.89,26.59
20261009,301025.SZ,11.82,7.88
20261009,301026.SZ,23.38,15.58
20261009,301027.SZ,20.74,13.82
20261009,301028.SZ,15.55,10.37
20261009,301029.SZ,28.2,18.8
20261009,301030.SZ,4.87,3.25
20261009,301031.SZ,105.23,70.15
20261009,301032.SZ,12.54,8.36
20261009,301033.SZ,62.71,41.81
20261009,301035.SZ,58.76,39.18
20261009,301036.SZ,26.74,17.82
20261009,301037.SZ,15.85,10.57
20261009,301038.SZ,21.24,14.16
20261009,301039.SZ,8.7,5.8
20261009,301040.SZ,30.1,20.06
20261009,301041.SZ,43.92,29.28
20261009,301042.SZ,34.5,23.0
20261009,301043.SZ,56.23,37.49
20261009,301045.SZ,72.94,48.62
20261009,301046.SZ,37.99,25.33
20261009,301047.SZ,177.32,118.22
20261009,301048.SZ,10.84,7.22
20261009,301049.SZ,24.98,16.66
20261009,301050.SZ,31.56,21.04
20261009,301051.SZ,20.93,13.95
20261009,301052.SZ,28.03,18.69
20261009,301053.SZ,40.86,27.24
20261009,301055.SZ,34.91,23.27
20261009,301056.SZ,15.94,10.62
20261009,301057.SZ,27.06,18.04
20261009,301058.SZ,10.34,6.9
20261009,301059.SZ,15.19,10.13
20261009,301060.SZ,13.73,9.15
20261009,301061.SZ,47.05,31.37
20261009,301062.SZ,8.27,5.51
20261009,301063.SZ,22.24,14.82
20261009,301065.SZ,24.16,16.1
20261009,301066.SZ,14.76,9.84
20261009,301067.SZ,36.37,24.25
20261009,301068.SZ,29.92,19.94
20261009,301069.SZ,18.86,12.58
20261009,301070.SZ,72.84,48.56
20261009,301071.SZ,69.89,46.59
20261009,301072.SZ,50.94,33.96
20261009,301073.SZ,19.98,13.32
20261009,301075.SZ,72.72,48.48
20261009,301076.SZ,23.86,15.9
20261009,301077.SZ,25.12,16.74
20261009,301078.SZ,8.22,5.48
20261009,301079.SZ,33.28,22.18
20261009,301080.SZ,148.15,98.77
20261009,301081.SZ,23.05,15.37
20261009,301082.SZ,11.63,7.75
20261009,301083.SZ,16.8,11.2
20261009,301085.SZ,85.27,56.85
20261009,301086.SZ,181.21,120.81
20261009,301087.SZ,63.36,42.24
20261009,301088.SZ,16.24,10.82
20261009,301089.SZ,29.11,19.41
20261009,301090.SZ,8.5,5.66
20261009,301091.SZ,23.28,15.52
20261009,301092.SZ,48.6,32.4
20261009,301093.SZ,72.44,48.3
20261009,301095.SZ,78.0,52.0
20261009,301096.SZ,55.42,36.94
20261009,301097.SZ,40.67,27.11
20261009,301098.SZ,10.51,7.01
20261009,301099.SZ,57.67,38.45
20261009,301100.SZ,19.52,13.02
20261009,301101.SZ,35.06,23.38
20261009,301102.SZ,11.26,7.5
20261009,301103.SZ,20.45,13.63
20261009,301105.SZ,57.91,38.61
20261009,301106.SZ,21.88,14.58
20261009,301107.SZ,27.53,18.35
20261009,301108.SZ,64.56,43.04
20261009,301109.SZ,15.66,10.44
20261009,301110.SZ,40.7,27.14
20261009,301111.SZ,25.27,16.85
20261009,301112.SZ,34.22,22.82
20261009,301113.SZ,21.52,14.34
20261009,301115.SZ,41.82,27.88
20261009,301116.SZ,11.16,7.44
20261009,301117.SZ,14.04,9.36
20261009,301118.SZ,29.0,19.34
20261009,301119.SZ,36.59,24.39
20261009,301120.SZ,17.03,11.35
20261009,301121.SZ,42.47,28.31
20261009,301122.SZ,79.2,52.8
20261009,301123.SZ,77.36,51.58
20261009,301125.SZ,17.75,11.83
20261009,301126.SZ,12.56,8.38
20261009,301127.SZ,18.48,12.32
20261009,301128.SZ,119.74,79.82
20261009,301129.SZ,27.36,18.24
20261009,301130.SZ,33.32,22.22
20261009,301131.SZ,40.48,26.98
20261009,301132.SZ,77.57,51.71
20261009,301133.SZ,30.05,20.03
20261009,301135.SZ,21.42,14.28
20261009,301136.SZ,14.8,9.86
20261009,301137.SZ,36.38,24.26
20261009,301138.SZ,33.9,22.6
20261009,301139.SZ,1.13,0.75
20261009,301141.SZ,42.06,28.04
20261009,301148.SZ,63.98,42.66
20261009,301149.SZ,9.5,6.34
20261009,301150.SZ,47.76,31.84
20261009,301151.SZ,24.83,16.55
20261009,301152.SZ,27.52,18.34
20261009,301153.SZ,20.04,13.36
20261009,301155.SZ,55.85,37.23
20261009,301156.SZ,14.08,9.38
20261009,301157.SZ,72.24,48.16
20261009,301158.SZ,17.18,11.46
20261009,301159.SZ,37.66,25.1
20261009,301160.SZ,45.11,30.07
20261009,301161.SZ,33.24,22.16
20261009,301162.SZ,42.71,28.47
20261009,301163.SZ,28.37,18.91
20261009,301165.SZ,117.24,78.16
20261009,301166.SZ,42.13,28.09
20261009,301167.SZ,16.18,10.78
20261009,301168.SZ,50.42,33.62
20261009,301169.SZ,59.05,39.37
20261009,301170.SZ,27.6,18.4
20261009,301171.SZ,37.22,24.82
20261009,301172.SZ,20.4,13.6
20261009,301173.SZ,39.19,26.13
20261009,301175.SZ,6.68,4.46
20261009,301176.SZ,61.55,41.03
20261009,301177.SZ,27.4,18.26
20261009,301178.SZ,39.98,26.66
20261009,301179.SZ,23.46,15.64
20261009,301180.SZ,14.06,9.38
20261009,301181.SZ,29.12,19.42
20261009,301182.SZ,67.18,44.78
20261009,301183.SZ,306.4,204.26
20261009,301185.SZ,20.33,13.55
20261009,301186.SZ,37.04,24.7
20261009,301187.SZ,18.38,12.26
20261009,301188.SZ,37.42,24.94
20261009,301189.SZ,78.11,52.07
20261009,301190.SZ,47.42,31.62
20261009,301191.SZ,89.08,59.38
20261009,301192.SZ,23.48,15.66
20261009,301193.SZ,25.13,16.75
20261009,301195.SZ,31.97,21.31
20261009,301196.SZ,96.56,64.38
20261009,301197.SZ,32.72,21.82
20261009,301198.SZ,16.84,11.22
20261009,301199.SZ,21.52,14.34
20261009,301200.SZ,261.61,174.41
20261009,301201.SZ,35.82,23.88
20261009,301202.SZ,41.7,27.8
20261009,301203.SZ,39.78,26.52
20261009,301205.SZ,301.98,201.32
20261009,301206.SZ,30.16,20.1
20261009,301207.SZ,23.41,15.61
20261009,301208.SZ,35.11,23.41
20261009,301209.SZ,76.67,51.11
20261009,301210.SZ,36.38,24.26
20261009,301211.SZ,14.84,9.9
20261009,301212.SZ,33.6,22.4
20261009,301213.SZ,49.34,32.9
20261009,301215.SZ,6.41,4.27
20261009,301216.SZ,20.53,13.69
20261009,301217.SZ,119.64,79.76
20261009,301218.SZ,81.6,54.4
20261009,301219.SZ,47.76,31.84
20261009,301220.SZ,34.19,22.79
20261009,301221.SZ,31.57,21.05
20261009,301222.SZ,29.04,19.36
20261009,301223.SZ,21.76,14.5
20261009,301225.SZ,66.12,44.08
20261009,301226.SZ,43.86,29.24
20261009,301227.SZ,36.83,24.55
20261009,301228.SZ,60.55,40.37
20261009,301229.SZ,14.21,9.47
20261009,301230.SZ,43.58,29.06
20261009,301231.SZ,33.94,22.62
20261009,301232.SZ,92.64,61.76
20261009,301233.SZ,44.06,29.38
20261009,301234.SZ,177.58,118.38
20261009,301235.SZ,47.64,31.76
20261009,301236.SZ,41.96,27.98
20261009,301237.SZ,42.88,28.58
20261009,301238.SZ,19.78,13.18
20261009,301239.SZ,37.34,24.9
20261009,301246.SZ,21.25,14.17
20261009,301248.SZ,61.39,40.93
20261009,301251.SZ,94.5,63.0
20261009,301252.SZ,40.92,27.28
20261009,301255.SZ,22.45,14.97
20261009,301256.SZ,11.8,7.86
20261009,301257.SZ,48.25,32.17
20261009,301258.SZ,32.4,21.6
20261009,301259.SZ,22.63,15.09
20261009,301260.SZ,13.82,9.22
20261009,301261.SZ,61.02,40.68
20261009,301262.SZ,24.85,16.57
20261009,301263.SZ,22.22,14.82
20261009,301265.SZ,26.29,17.53
20261009,301266.SZ,28.91,19.27
20261009,301267.SZ,18.07,12.05
20261009,301268.SZ,14.08,9.38
20261009,301269.SZ,102.54,68.36
20261009,301270.SZ,37.14,24.76
20261009,301272.SZ,41.56,27.7
20261009,301273.SZ,45.24,30.16
20261009,301275.SZ,45.54,30.36
20261009,301276.SZ,20.93,13.95
20261009,301277.SZ,12.58,8.38
20261009,301278.SZ,35.12,23.42
20261009,301279.SZ,28.81,19.21
20261009,301280.SZ,46.66,31.1
20261009,301281.SZ,54.86,36.58
20261009,301282.SZ,48.72,32.48
20261009,301283.SZ,30.52,20.34
20261009,301285.SZ,102.17,68.11
20261009,301286.SZ,55.44,36.96
20261009,301287.SZ,48.54,32.36
20261009,301288.SZ,20.32,13.54
20261009,301289.SZ,53.5,35.66
20261009,301290.SZ,33.11,22.07
20261009,301291.SZ,44.54,29.7
20261009,301292.SZ,69.43,46.29
20261009,301293.SZ,58.9,39.26
20261009,301295.SZ,41.87,27.91
20261009,301296.SZ,7.64,5.1
20261009,301297.SZ,52.45,34.97
20261009,301298.SZ,15.36,10.24
20261009,301299.SZ,52.51,35.01
20261009,301300.SZ,40.1,26.74
20261009,301301.SZ,9.83,6.55
20261009,301302.SZ,24.83,16.55
20261009,301303.SZ,16.57,11.05
20261009,301305.SZ,29.76,19.84
20261009,301306.SZ,102.74,68.5
20261009,301307.SZ,60.96,40.64
20261009,301308.SZ,346.32,230.88
20261009,301309.SZ,35.33,23.55
20261009,301310.SZ,73.21,48.81
20261009,301311.SZ,20.86,13.9
20261009,301312.SZ,86.74,57.82
20261009,301313.SZ,33.76,22.5
20261009,301314.SZ,57.64,38.42
20261009,301315.SZ,50.71,33.81
20261009,301316.SZ,44.17,29.45
20261009,301317.SZ,49.72,33.14
20261009,301318.SZ,25.4,16.94
20261009,301319.SZ,93.48,62.32
20261009,301320.SZ,16.69,11.13
20261009,301321.SZ,51.36,34.24
20261009,301322.SZ,48.35,32.23
20261009,301323.SZ,81.96,54.64
20261009,301325.SZ,39.77,26.51
20261009,301326.SZ,108.6,72.4
20261009,301327.SZ,50.3,33.54
20261009,301328.SZ,56.88,37.92
20261009,301329.SZ,23.77,15.85
20261009,301330.SZ,29.68,19.78
20261009,301331.SZ,26.64,17.76
20261009,301332.SZ,9.17,6.11
20261009,301333.SZ,76.2,50.8
20261009,301335.SZ,28.85,19.23
20261009,301336.SZ,48.8,32.54
20261009,301337.SZ,31.74,21.16
20261009,301338.SZ,100.3,66.86
20261009,301339.SZ,14.35,9.57
20261009,301345.SZ,258.0,172.0
20261009,301348.SZ,25.13,16.75
20261009,301349.SZ,50.98,33.98
20261009,301353.SZ,24.44,16.3
20261009,301355.SZ,14.62,9.74
20261009,301356.SZ,22.93,15.29
20261009,301357.SZ,105.01,70.01
20261009,301358.SZ,61.44,40.96
20261009,301359.SZ,22.5,15.0
20261009,301360.SZ,70.49,46.99
20261009,301361.SZ,32.84,21.9
20261009,301362.SZ,124.76,83.18
20261009,301363.SZ,18.46,12.3
20261009,301365.SZ,40.24,26.82
20261009,301366.SZ,81.01,54.01
20261009,301367.SZ,55.43,36.95
20261009,301368.SZ,44.4,29.6
20261009,301369.SZ,149.4,99.6
20261009,301370.SZ,10.42,6.94
20261009,301371.SZ,24.7,16.46
20261009,301372.SZ,40.55,27.03
20261009,301373.SZ,137.52,91.68
20261009,301376.SZ,26.26,17.5
20261009,301377.SZ,400.37,266.91
20261009,301378.SZ,29.75,19.83
20261009,301379.SZ,22.1,14.74
20261009,301380.SZ,39.94,26.62
20261009,301381.SZ,27.22,18.14
20261009,301382.SZ,40.26,26.84
20261009,301383.SZ,26.8,17.86
20261009,301386.SZ,24.31,16.21
20261009,301387.SZ,58.68,39.12
20261009,301388.SZ,29.57,19.71
20261009,301389.SZ,60.25,40.17
20261009,301390.SZ,48.34,32.22
20261009,301391.SZ,51.48,34.32
20261009,301392.SZ,161.99,107.99
20261009,301393.SZ,75.92,50.62
20261009,301395.SZ,15.71,10.47
20261009,301396.SZ,176.23,117.49
20261009,301397.SZ,25.61,17.07
20261009,301398.SZ,44.16,29.44
20261009,301399.SZ,23.08,15.38
20261009,301408.SZ,17.63,11.75
20261009,301413.SZ,59.15,39.43
20261009,301418.SZ,41.14,27.42
20261009,301419.SZ,48.8,32.54
20261009,301421.SZ,81.66,54.44
20261009,301428.SZ,31.57,21.05
20261009,301429.SZ,21.06,14.04
20261009,301439.SZ,16.46,10.98
20261009,301446.SZ,46.08,30.72
20261009,301448.SZ,57.58,38.38
20261009,301449.SZ,51.36,34.24
20261009,301456.SZ,29.75,19.83
20261009,301458.SZ,41.4,27.6
20261009,301459.SZ,37.34,24.9
20261009,301468.SZ,34.81,23.21
20261009,301469.SZ,34.34,22.9
20261009,301479.SZ,55.37,36.91
20261009,301486.SZ,251.83,167.89
20261009,301487.SZ,20.94,13.96
20261009,301488.SZ,105.02,70.02
20261009,301489.SZ,121.28,80.86
20261009,301491.SZ,43.32,28.88
20261009,301498.SZ,47.12,31.42
20261009,301499.SZ,29.75,19.83
20261009,301500.SZ,28.81,19.21
20261009,301501.SZ,31.68,21.12
20261009,301502.SZ,57.01,38.01
20261009,301503.SZ,26.64,17.76
20261009,301505.SZ,21.64,14.42
20261009,301507.SZ,15.95,10.63
20261009,301508.SZ,28.94,19.3
20261009,301509.SZ,36.43,24.29
20261009,301510.SZ,31.74,21.16
20261009,301511.SZ,112.64,75.1
20261009,301512.SZ,36.72,24.48
20261009,301513.SZ,81.37,54.25
20261009,301515.SZ,24.23,16.15
20261009,301516.SZ,22.18,14.78
20261009,301517.SZ,40.97,27.31
20261009,301518.SZ,29.54,19.7
20261009,301519.SZ,14.36,9.58
20261009,301520.SZ,81.37,54.25
20261009,301522.SZ,25.79,17.19
20261009,301525.SZ,48.8,32.54
20261009,301526.SZ,31.85,21.23
20261009,301528.SZ,79.44,52.96
20261009,301529.SZ,159.67,106.45
20261009,301531.SZ,57.92,38.62
20261009,301533.SZ,33.83,22.55
20261009,301535.SZ,16.33,10.89
20261009,301536.SZ,135.94,90.62
20261009,301538.SZ,45.84,30.56
20261009,301539.SZ,18.24,12.16
20261009,301548.SZ,63.06,42.04
20261009,301550.SZ,115.75,77.17
20261009,301551.SZ,25.67,17.11
20261009,301552.SZ,29.11,19.41
20261009,301555.SZ,41.88,27.92
20261009,301556.SZ,70.46,46.98
20261009,301557.SZ,91.96,61.3
20261009,301558.SZ,8.14,5.42
20261009,301559.SZ,15.32,10.22
20261009,301560.SZ,45.92,30.62
20261009,301563.SZ,123.28,82.18
20261009,301565.SZ,23.51,15.67
20261009,301566.SZ,27.31,18.21
20261009,301567.SZ,43.43,28.95
20261009,301568.SZ,76.96,51.3
20261009,301571.SZ,78.37,52.25
20261009,301575.SZ,28.61,19.07
20261009,301577.SZ,64.19,42.79
20261009,301578.SZ,27.74,18.5
20261009,301580.SZ,57.94,38.62
20261009,301581.SZ,41.38,27.58
20261009,301583.SZ,141.04,94.02
20261009,301584.SZ,22.22,14.82
20261009,301585.SZ,33.08,22.06
20261009,301586.SZ,34.64,23.1
20261009,301587.SZ,27.29,18.19
20261009,301588.SZ,30.86,20.58
20261009,301589.SZ,183.55,122.37
20261009,301590.SZ,76.2,50.8
20261009,301591.SZ,47.14,31.42
20261009,301592.SZ,128.14,85.42
20261009,301595.SZ,52.76,35.18
20261009,301596.SZ,51.58,34.38
20261009,301598.SZ,61.0,40.66
20261009,301599.SZ,44.4,29.6
20261009,301600.SZ,88.12,58.74
20261009,301601.SZ,19.22,12.82
20261009,301602.SZ,18.92,12.62
20261009,301603.SZ,134.0,89.34
20261009,301606.SZ,54.88,36.58
20261009,301607.SZ,48.19,32.13
20261009,301608.SZ,61.6,41.06
20261009,301609.SZ,37.1,24.74
20261009,301611.SZ,96.2,64.14
20261009,301613.SZ,40.75,27.17
20261009,301616.SZ,44.53,29.69
20261009,301617.SZ,64.68,43.12
20261009,301618.SZ,36.59,24.39
20261009,301622.SZ,42.02,28.02
20261009,301626.SZ,314.16,209.44
20261009,301628.SZ,127.55,85.03
20261009,301629.SZ,291.32,194.22
20261009,301630.SZ,248.22,165.48
20261009,301631.SZ,69.38,46.26
20261009,301632.SZ,15.83,10.55
20261009,301633.SZ,70.87,47.25
20261009,301636.SZ,53.28,35.52
20261009,301638.SZ,24.62,16.42
20261009,301655.SZ,28.92,19.28
20261009,301656.SZ,16.52,11.02
20261009,301658.SZ,26.4,17.6
20261009,301662.SZ,91.72,61.14
20261009,301665.SZ,26.51,17.67
20261009,301666.SZ,384.0,256.0
20261009,301667.SZ,68.3,45.54
20261009,301668.SZ,36.01,24.01
20261009,301669.SZ,30.35,20.23
20261009,301677.SZ,65.08,43.38
20261009,301678.SZ,60.43,40.29
20261009,301680.SZ,113.28,75.52
20261009,301682.SZ,119.46,79.64
20261009,301683.SZ,118.69,79.13
20261009,301686.SZ,192.73,128.49
20261009,301687.SZ,58.75,39.17
20261009,301688.SZ,48.41,32.27
20261009,301689.SZ,86.64,57.76
20261009,301696.SZ,102.24,68.16
20261009,301697.SZ,37.81,25.21
20261009,301699.SZ,41.34,27.56
20261009,301707.SZ,80.92,53.94
20261009,301716.SZ,999999.999,0.01
20261009,301717.SZ,385.94,257.3
20261009,302132.SZ,70.69,47.13
20261009,600000.SH,10.67,8.73
20261009,600004.SH,8.44,6.9
20261009,600006.SH,6.05,4.95
20261009,600007.SH,22.78,18.64
20261009,600008.SH,3.04,2.48
20261009,600009.SH,24.78,20.28
20261009,600010.SH,2.31,1.89
20261009,600011.SH,7.96,6.52
20261009,600012.SH,17.53,14.35
20261009,600015.SH,6.94,5.68
20261009,600016.SH,3.89,3.19
20261009,600017.SH,3.15,2.57
20261009,600018.SH,6.09,4.99
20261009,600019.SH,6.57,5.37
20261009,600020.SH,4.28,3.5
20261009,600021.SH,14.28,11.68
20261009,600022.SH,1.43,1.17
20261009,600023.SH,5.92,4.84
20261009,600025.SH,11.11,9.09
20261009,600026.SH,24.88,20.36
20261009,600027.SH,5.68,4.64
20261009,600028.SH,6.03,4.93
20261009,600029.SH,5.29,4.33
20261009,600030.SH,27.94,22.86
20261009,600031.SH,18.73,15.33
20261009,600032.SH,8.56,7.0
20261009,600033.SH,4.08,3.34
20261009,600035.SH,4.1,3.36
20261009,600036.SH,45.88,37.54
20261009,600037.SH,7.88,6.44
20261009,600038.SH,29.36,24.02
20261009,600039.SH,9.78,8.0
20261009,600048.SH,6.35,5.19
20261009,600050.SH,4.7,3.84
20261009,600051.SH,7.03,5.75
20261009,600052.SH,4.28,3.5
20261009,600053.SH,8.61,7.05
20261009,600054.SH,11.32,9.26
20261009,600055.SH,11.42,9.34
20261009,600056.SH,9.88,8.08
20261009,600057.SH,6.85,5.61
20261009,600058.SH,9.55,7.81
20261009,600059.SH,13.07,10.69
20261009,600060.SH,29.81,24.39
20261009,600061.SH,6.72,5.5
20261009,600062.SH,17.78,14.54
20261009,600063.SH,5.9,4.82
20261009,600064.SH,8.82,7.22
20261009,600066.SH,29.58,24.2
20261009,600067.SH,2.94,2.4
20261009,600071.SH,17.24,14.1
20261009,600072.SH,10.42,8.52
20261009,600073.SH,6.01,4.91
20261009,600075.SH,5.12,4.19
20261009,600076.SH,2.38,1.94
20261009,600078.SH,10.74,8.78
20261009,600079.SH,21.1,17.26
20261009,600080.SH,5.04,4.12
20261009,600081.SH,12.01,9.83
20261009,600082.SH,3.63,2.97
20261009,600084.SH,4.69,3.83
20261009,600085.SH,26.32,21.54
20261009,600088.SH,14.4,11.78
20261009,600089.SH,19.57,16.01
20261009,600094.SH,4.83,3.95
20261009,600095.SH,9.41,7.7
20261009,600096.SH,30.69,25.11
20261009,600097.SH,10.13,8.29
20261009,600098.SH,7.14,5.84
20261009,600099.SH,10.29,8.42
20261009,600100.SH,7.13,5.83
20261009,600101.SH,8.64,7.07
20261009,600103.SH,3.7,3.02
20261009,600104.SH,12.02,9.84
20261009,600105.SH,36.92,30.2
20261009,600106.SH,4.97,4.07
20261009,600107.SH,6.18,5.06
20261009,600108.SH,4.37,3.57
20261009,600109.SH,8.86,7.25
20261009,600110.SH,12.2,9.98
20261009,600111.SH,37.95,31.05
20261009,600113.SH,30.93,25.31
20261009,600114.SH,26.7,21.84
20261009,600115.SH,3.59,2.93
20261009,600116.SH,6.83,5.59
20261009,600117.SH,2.38,1.94
20261009,600118.SH,62.12,50.82
20261009,600119.SH,5.17,4.23
20261009,600120.SH,5.06,4.14
20261009,600121.SH,6.22,5.09
20261009,600123.SH,7.69,6.29
20261009,600125.SH,5.81,4.75
20261009,600126.SH,6.47,5.29
20261009,600127.SH,15.18,12.42
20261009,600128.SH,9.55,7.81
20261009,600129.SH,14.76,12.08
20261009,600130.SH,5.04,4.12
20261009,600131.SH,16.58,13.56
20261009,600132.SH,42.1,34.44
20261009,600133.SH,8.59,7.03
20261009,600135.SH,8.35,6.83
20261009,600136.SH,1.61,1.31
20261009,600137.SH,19.91,16.29
20261009,600138.SH,7.58,6.2
20261009,600141.SH,29.56,24.18
20261009,600143.SH,14.1,11.54
20261009,600148.SH,17.27,14.13
20261009,600149.SH,5.68,4.64
20261009,600150.SH,43.79,35.83
20261009,600151.SH,10.03,8.21
20261009,600152.SH,10.1,8.26
20261009,600153.SH,9.86,8.06
20261009,600155.SH,6.42,5.26
20261009,600156.SH,7.87,6.44
20261009,600157.SH,1.6,1.31
20261009,600158.SH,7.55,6.17
20261009,600159.SH,2.99,2.45
20261009,600160.SH,35.51,29.05
20261009,600161.SH,13.81,11.3
20261009,600162.SH,4.58,3.74
20261009,600163.SH,6.24,5.1
20261009,600165.SH,3.63,2.97
20261009,600166.SH,3.05,2.49
20261009,600167.SH,6.38,5.22
20261009,600168.SH,4.86,3.98
20261009,600169.SH,2.42,1.98
20261009,600170.SH,2.44,2.0
20261009,600171.SH,23.43,19.17
20261009,600172.SH,14.85,12.15
20261009,600173.SH,6.48,5.3
20261009,600176.SH,43.51,35.6
20261009,600177.SH,9.24,7.56
20261009,600178.SH,10.75,8.79
20261009,600179.SH,4.83,3.95
20261009,600180.SH,1.61,1.31
20261009,600182.SH,12.88,11.66
20261009,600183.SH,145.05,118.67
20261009,600184.SH,19.12,15.64
20261009,600185.SH,5.16,4.22
20261009,600186.SH,12.61,10.31
20261009,600187.SH,1.36,1.12
20261009,600188.SH,21.95,17.96
20261009,600189.SH,9.64,7.88
20261009,600191.SH,9.6,7.86
20261009,600192.SH,7.93,6.49
20261009,600195.SH,7.3,5.98
20261009,600196.SH,26.14,21.38
20261009,600197.SH,10.22,8.36
20261009,600198.SH,7.8,6.38
20261009,600199.SH,7.62,6.24
20261009,600201.SH,12.75,10.43
20261009,600202.SH,5.68,4.64
20261009,600203.SH,10.6,8.68
20261009,600206.SH,49.1,40.18
20261009,600207.SH,5.6,4.58
20261009,600208.SH,3.14,2.57
20261009,600210.SH,7.04,5.76
20261009,600211.SH,39.78,32.54
20261009,600212.SH,6.19,5.07
20261009,600215.SH,6.67,5.45
20261009,600216.SH,13.75,11.25
20261009,600217.SH,3.63,2.97
20261009,600218.SH,8.86,7.25
20261009,600219.SH,5.37,4.39
20261009,600221.SH,1.34,1.1
20261009,600222.SH,8.38,6.86
20261009,600223.SH,6.26,5.12
20261009,600226.SH,5.7,4.66
20261009,600227.SH,4.44,3.64
20261009,600228.SH,10.26,8.4
20261009,600229.SH,6.24,5.1
20261009,600230.SH,14.94,12.22
20261009,600231.SH,1.86,1.52
20261009,600232.SH,7.57,6.19
20261009,600233.SH,19.56,16.0
20261009,600234.SH,20.7,16.94
20261009,600235.SH,6.53,5.35
20261009,600236.SH,10.86,8.88
20261009,600237.SH,9.72,7.96
20261009,600238.SH,4.46,3.65
20261009,600239.SH,1.56,1.28
20261009,600241.SH,11.76,9.62
20261009,600243.SH,3.92,3.2
20261009,600246.SH,13.35,10.93
20261009,600248.SH,3.16,2.58
20261009,600249.SH,5.87,4.81
20261009,600250.SH,9.6,7.86
20261009,600251.SH,11.36,9.3
20261009,600252.SH,2.39,1.95
20261009,600255.SH,3.67,3.01
20261009,600256.SH,7.48,6.12
20261009,600257.SH,5.94,4.86
20261009,600258.SH,11.81,9.67
20261009,600259.SH,77.11,63.09
20261009,600261.SH,3.59,2.93
20261009,600262.SH,15.88,13.0
20261009,600265.SH,24.89,20.37
20261009,600266.SH,4.79,3.92
20261009,600267.SH,12.8,10.48
20261009,600268.SH,11.34,9.28
20261009,600269.SH,4.2,3.44
20261009,600271.SH,7.23,5.91
20261009,600272.SH,17.05,13.95
20261009,600273.SH,6.9,5.64
20261009,600276.SH,51.71,42.31
20261009,600278.SH,7.11,5.81
20261009,600279.SH,4.79,3.92
20261009,600280.SH,3.26,2.66
20261009,600281.SH,5.08,4.16
20261009,600282.SH,5.07,4.15
20261009,600283.SH,8.83,7.23
20261009,600284.SH,5.67,4.64
20261009,600285.SH,20.99,17.17
20261009,600287.SH,5.51,4.51
20261009,600288.SH,11.23,9.19
20261009,600289.SH,5.31,4.35
20261009,600292.SH,12.54,10.26
20261009,600293.SH,4.32,3.54
20261009,600295.SH,14.44,11.82
20261009,600298.SH,41.77,34.17
20261009,600299.SH,9.19,7.52
20261009,600300.SH,3.39,2.77
20261009,600301.SH,53.58,43.84
20261009,600302.SH,7.44,6.08
20261009,600303.SH,3.49,2.85
20261009,600305.SH,7.45,6.09
20261009,600307.SH,1.61,1.31
20261009,600308.SH,3.58,2.93
20261009,600309.SH,76.77,62.81
20261009,600310.SH,5.47,4.47
20261009,600312.SH,22.58,18.48
20261009,600313.SH,7.57,6.19
20261009,600315.SH,20.35,16.65
20261009,600316.SH,35.66,29.18
20261009,600318.SH,7.39,6.05
20261009,600319.SH,6.93,5.67
20261009,600320.SH,4.49,3.67
20261009,600322.SH,3.1,2.54
20261009,600323.SH,32.74,26.78
20261009,600325.SH,3.15,2.57
20261009,600326.SH,7.18,5.88
20261009,600327.SH,4.21,3.45
20261009,600328.SH,6.27,5.13
20261009,600329.SH,39.09,31.99
20261009,600330.SH,26.63,21.79
20261009,600331.SH,12.71,10.4
20261009,600332.SH,21.66,17.72
20261009,600333.SH,7.52,6.16
20261009,600335.SH,5.72,4.68
20261009,600336.SH,6.75,5.53
20261009,600337.SH,4.11,3.37
20261009,600338.SH,13.19,10.79
20261009,600339.SH,3.71,3.03
20261009,600340.SH,1.47,1.21
20261009,600343.SH,21.01,17.19
20261009,600345.SH,51.06,41.78
20261009,600346.SH,18.04,14.76
20261009,600348.SH,10.0,8.18
20261009,600350.SH,11.29,9.23
20261009,600351.SH,7.5,6.14
20261009,600352.SH,13.59,11.12
20261009,600353.SH,30.31,24.8
20261009,600354.SH,9.99,8.17
20261009,600356.SH,11.88,9.72
20261009,600358.SH,6.02,4.92
20261009,600359.SH,8.04,6.58
20261009,600360.SH,11.26,9.22
20261009,600361.SH,3.8,3.11
20261009,600362.SH,46.08,37.7
20261009,600363.SH,12.08,9.88
20261009,600365.SH,3.15,2.57
20261009,600366.SH,11.89,9.73
20261009,600367.SH,35.88,29.36
20261009,600368.SH,4.7,3.84
20261009,600369.SH,4.27,3.49
20261009,600370.SH,1.5,1.22
20261009,600371.SH,14.97,12.25
20261009,600372.SH,12.28,10.04
20261009,600373.SH,8.11,6.63
20261009,600375.SH,4.02,3.29
20261009,600376.SH,3.52,2.88
20261009,600377.SH,14.51,11.87
20261009,600378.SH,44.55,36.45
20261009,600379.SH,14.8,12.11
20261009,600380.SH,10.89,8.91
20261009,600381.SH,4.53,3.71
20261009,600382.SH,6.24,5.1
20261009,600383.SH,2.83,2.31
20261009,600386.SH,3.87,3.17
20261009,600388.SH,18.47,15.11
20261009,600389.SH,19.75,16.16
20261009,600390.SH,5.29,4.33
20261009,600391.SH,43.32,35.44
20261009,600392.SH,21.67,17.73
20261009,600395.SH,5.58,4.56
20261009,600396.SH,13.82,11.3
20261009,600397.SH,17.29,14.15
20261009,600398.SH,6.44,5.27
20261009,600399.SH,4.73,3.87
20261009,600400.SH,3.98,3.26
20261009,600403.SH,8.15,6.67
20261009,600405.SH,5.37,4.39
20261009,600406.SH,25.15,20.57
20261009,600408.SH,3.78,3.1
20261009,600409.SH,6.95,5.69
20261009,600410.SH,15.31,12.53
20261009,600415.SH,11.91,9.75
20261009,600416.SH,9.06,7.42
20261009,600418.SH,27.19,22.25
20261009,600419.SH,10.07,8.24
20261009,600420.SH,9.26,7.58
20261009,600422.SH,9.0,7.36
20261009,600423.SH,2.94,2.4
20261009,600425.SH,3.99,3.27
20261009,600426.SH,21.8,17.84
20261009,600428.SH,12.08,9.88
20261009,600429.SH,5.29,4.33
20261009,600433.SH,3.61,2.95
20261009,600435.SH,12.12,9.92
20261009,600436.SH,130.01,106.37
20261009,600438.SH,12.58,10.3
20261009,600439.SH,2.02,1.66
20261009,600444.SH,15.95,13.05
20261009,600446.SH,11.17,9.14
20261009,600448.SH,3.37,2.75
20261009,600449.SH,13.55,11.09
20261009,600452.SH,9.7,7.94
20261009,600455.SH,26.97,22.07
20261009,600456.SH,26.96,22.06
20261009,600458.SH,11.84,9.68
20261009,600459.SH,19.77,16.17
20261009,600460.SH,32.6,26.68
20261009,600461.SH,9.78,8.0
20261009,600463.SH,9.03,7.39
20261009,600467.SH,2.63,2.15
20261009,600468.SH,6.48,5.3
20261009,600469.SH,5.42,4.44
20261009,600470.SH,6.06,4.96
20261009,600475.SH,15.84,12.96
20261009,600476.SH,10.85,8.87
20261009,600477.SH,2.65,2.17
20261009,600478.SH,5.1,4.18
20261009,600479.SH,13.34,10.92
20261009,600480.SH,8.42,6.89
20261009,600481.SH,4.37,3.57
20261009,600482.SH,38.15,31.21
20261009,600483.SH,12.34,10.1
20261009,600486.SH,56.71,46.4
20261009,600487.SH,57.97,47.43
20261009,600488.SH,7.17,5.87
20261009,600489.SH,23.63,19.33
20261009,600490.SH,7.38,6.04
20261009,600491.SH,1.65,1.35
20261009,600493.SH,7.24,5.92
20261009,600495.SH,4.48,3.66
20261009,600496.SH,3.69,3.02
20261009,600497.SH,9.68,7.92
20261009,600498.SH,37.94,31.04
20261009,600499.SH,12.57,10.29
20261009,600500.SH,5.58,4.56
20261009,600501.SH,16.2,13.26
20261009,600502.SH,4.66,3.82
20261009,600503.SH,2.78,2.28
20261009,600505.SH,11.65,9.53
20261009,600506.SH,17.63,14.43
20261009,600507.SH,4.53,3.71
20261009,600508.SH,11.72,9.59
20261009,600509.SH,7.99,6.53
20261009,600510.SH,6.86,5.62
20261009,600511.SH,28.92,23.66
20261009,600512.SH,2.29,1.87
20261009,600513.SH,18.26,14.94
20261009,600515.SH,2.97,2.43
20261009,600516.SH,5.82,4.76
20261009,600517.SH,5.5,4.5
20261009,600518.SH,1.46,1.2
20261009,600519.SH,1381.37,1130.21
20261009,600520.SH,25.75,21.07
20261009,600521.SH,18.32,14.99
20261009,600522.SH,33.54,27.44
20261009,600523.SH,12.87,10.53
20261009,600525.SH,5.27,4.31
20261009,600526.SH,5.17,4.23
20261009,600527.SH,2.39,1.95
20261009,600528.SH,7.52,6.16
20261009,600529.SH,19.91,16.29
20261009,600530.SH,4.06,3.32
20261009,600531.SH,12.07,9.87
20261009,600533.SH,2.46,2.02
20261009,600535.SH,15.41,12.61
20261009,600536.SH,33.23,27.19
20261009,600537.SH,2.3,1.88
20261009,600538.SH,5.26,4.3
20261009,600539.SH,14.63,11.97
20261009,600540.SH,5.98,4.9
20261009,600543.SH,4.48,3.66
20261009,600545.SH,4.24,3.47
20261009,600546.SH,14.92,12.2
20261009,600547.SH,29.07,23.79
20261009,600548.SH,8.98,7.34
20261009,600549.SH,47.51,38.87
20261009,600550.SH,11.46,9.38
20261009,600551.SH,8.75,7.16
20261009,600552.SH,17.59,14.39
20261009,600556.SH,4.93,4.03
20261009,600557.SH,13.44,11.0
20261009,600558.SH,5.39,4.41
20261009,600559.SH,12.05,9.86
20261009,600560.SH,12.51,10.23
20261009,600561.SH,6.7,5.48
20261009,600562.SH,29.08,23.8
20261009,600563.SH,124.84,102.14
20261009,600566.SH,28.62,23.42
20261009,600567.SH,1.44,1.18
20261009,600568.SH,2.51,2.05
20261009,600569.SH,1.95,1.59
20261009,600570.SH,20.71,16.95
20261009,600571.SH,11.08,9.06
20261009,600572.SH,4.73,3.87
20261009,600573.SH,12.22,10.0
20261009,600575.SH,3.55,2.91
20261009,600576.SH,5.71,4.67
20261009,600577.SH,9.72,7.96
20261009,600578.SH,5.9,4.82
20261009,600579.SH,7.71,6.31
20261009,600580.SH,27.89,22.82
20261009,600581.SH,2.7,2.21
20261009,600582.SH,5.46,4.46
20261009,600583.SH,7.27,5.95
20261009,600584.SH,68.86,56.34
20261009,600585.SH,19.12,15.64
20261009,600586.SH,4.33,3.55
20261009,600587.SH,14.29,11.69
20261009,600588.SH,9.91,8.11
20261009,600589.SH,7.8,6.38
20261009,600590.SH,8.82,7.22
20261009,600592.SH,17.11,14.0
20261009,600593.SH,53.87,44.07
20261009,600594.SH,3.95,3.23
20261009,600595.SH,6.59,5.39
20261009,600596.SH,11.53,9.43
20261009,600597.SH,7.55,6.17
20261009,600598.SH,13.9,11.38
20261009,600600.SH,55.46,45.38
20261009,600601.SH,13.92,11.39
20261009,600602.SH,17.28,14.14
20261009,600603.SH,5.21,4.27
20261009,600604.SH,5.21,4.27
20261009,600605.SH,32.01,26.19
20261009,600606.SH,1.62,1.32
20261009,600609.SH,3.88,3.18
20261009,600610.SH,8.32,6.8
20261009,600611.SH,4.68,3.83
20261009,600612.SH,34.51,28.23
20261009,600613.SH,9.02,7.38
20261009,600615.SH,10.63,8.69
20261009,600616.SH,5.7,4.66
20261009,600617.SH,4.11,3.37
20261009,600618.SH,10.84,8.87
20261009,600619.SH,14.73,12.05
20261009,600620.SH,4.75,3.89
20261009,600621.SH,14.48,11.84
20261009,600622.SH,2.73,2.23
20261009,600623.SH,9.56,7.82
20261009,600624.SH,5.16,4.22
20261009,600626.SH,4.09,3.35
20261009,600628.SH,6.99,5.72
20261009,600629.SH,18.02,14.74
20261009,600630.SH,8.43,6.89
20261009,600633.SH,10.81,8.85
20261009,600635.SH,4.95,4.05
20261009,600637.SH,9.33,7.63
20261009,600638.SH,5.79,4.73
20261009,600639.SH,11.08,9.06
20261009,600640.SH,13.51,11.05
20261009,600641.SH,49.85,40.79
20261009,600642.SH,10.0,8.18
20261009,600643.SH,4.41,3.61
20261009,600644.SH,9.99,8.17
20261009,600645.SH,20.55,16.81
20261009,600648.SH,10.79,8.83
20261009,600649.SH,4.39,3.59
20261009,600650.SH,11.26,9.22
20261009,600651.SH,5.41,4.43
20261009,600653.SH,1.83,1.49
20261009,600654.SH,3.27,2.67
20261009,600655.SH,5.04,4.12
20261009,600657.SH,3.69,3.02
20261009,600658.SH,4.54,3.72
20261009,600660.SH,56.82,46.49
20261009,600661.SH,10.47,8.57
20261009,600662.SH,4.66,3.82
20261009,600663.SH,12.23,10.01
20261009,600664.SH,7.96,6.52
20261009,600665.SH,3.69,3.02
20261009,600666.SH,3.45,2.83
20261009,600667.SH,18.21,14.9
20261009,600668.SH,8.12,6.64
20261009,600671.SH,25.16,20.58
20261009,600673.SH,33.17,27.14
20261009,600674.SH,18.6,15.22
20261009,600675.SH,2.66,2.18
20261009,600676.SH,7.15,5.85
20261009,600678.SH,6.09,4.99
20261009,600679.SH,11.75,9.61
20261009,600681.SH,3.99,3.27
20261009,600682.SH,6.33,5.18
20261009,600683.SH,9.61,7.87
20261009,600684.SH,3.97,3.25
20261009,600685.SH,32.11,26.27
20261009,600686.SH,12.16,9.95
20261009,600688.SH,3.09,2.53
20261009,600689.SH,13.08,10.7
20261009,600690.SH,22.47,18.39
20261009,600691.SH,3.04,2.48
20261009,600692.SH,7.36,6.02
20261009,600693.SH,10.42,8.52
20261009,600694.SH,15.86,12.98
20261009,600697.SH,12.39,10.13
20261009,600698.SH,7.29,5.97
20261009,600699.SH,23.22,19.0
20261009,600702.SH,35.61,29.13
20261009,600703.SH,13.07,10.69
20261009,600704.SH,5.41,4.43
20261009,600706.SH,8.75,7.16
20261009,600707.SH,10.07,8.24
20261009,600708.SH,3.38,2.76
20261009,600710.SH,12.57,10.29
20261009,600711.SH,11.31,9.25
20261009,600712.SH,5.86,4.8
20261009,600713.SH,5.51,4.51
20261009,600714.SH,18.76,15.35
20261009,600715.SH,1.76,1.44
20261009,600716.SH,4.07,3.33
20261009,600717.SH,4.8,3.92
20261009,600718.SH,8.6,7.04
20261009,600719.SH,9.23,7.55
20261009,600720.SH,5.71,4.67
20261009,600721.SH,13.84,11.32
20261009,600722.SH,17.81,14.57
20261009,600724.SH,5.48,4.48
20261009,600725.SH,3.66,3.0
20261009,600726.SH,5.51,4.51
20261009,600727.SH,8.58,7.02
20261009,600728.SH,4.84,3.96
20261009,600729.SH,20.32,16.62
20261009,600730.SH,9.64,7.88
20261009,600731.SH,6.5,5.32
20261009,600732.SH,12.05,9.86
20261009,600733.SH,5.25,4.29
20261009,600734.SH,2.04,1.67
20261009,600735.SH,7.16,5.86
20261009,600736.SH,7.13,5.83
20261009,600737.SH,16.63,13.61
20261009,600738.SH,4.6,3.76
20261009,600739.SH,11.14,9.12
20261009,600740.SH,4.17,3.41
20261009,600741.SH,16.67,13.64
20261009,600742.SH,8.47,6.93
20261009,600743.SH,2.56,2.1
20261009,600744.SH,6.79,5.55
20261009,600745.SH,17.6,14.4
20261009,600746.SH,7.9,6.46
20261009,600748.SH,4.5,3.68
20261009,600749.SH,13.79,11.29
20261009,600750.SH,24.86,20.34
20261009,600751.SH,3.16,2.58
20261009,600753.SH,15.02,12.29
20261009,600754.SH,19.29,15.79
20261009,600755.SH,6.26,5.12
20261009,600756.SH,14.89,12.19
20261009,600757.SH,8.1,6.62
20261009,600758.SH,4.26,3.48
20261009,600759.SH,2.52,2.06
20261009,600760.SH,47.93,39.21
20261009,600761.SH,16.41,13.43
20261009,600763.SH,36.85,30.15
20261009,600764.SH,20.14,16.48
20261009,600765.SH,14.33,11.73
20261009,600768.SH,16.23,13.28
20261009,600769.SH,15.19,12.43
20261009,600770.SH,6.63,5.43
20261009,600771.SH,15.41,12.61
20261009,600773.SH,10.8,8.84
20261009,600774.SH,8.64,7.07
20261009,600775.SH,10.38,8.5
20261009,600776.SH,13.37,10.94
20261009,600777.SH,4.46,3.65
20261009,600778.SH,6.28,5.14
20261009,600779.SH,28.59,23.39
20261009,600780.SH,6.82,5.58
20261009,600782.SH,2.97,2.43
20261009,600783.SH,15.63,12.79
20261009,600784.SH,7.67,6.27
20261009,600785.SH,11.84,9.68
20261009,600787.SH,5.08,4.16
20261009,600789.SH,8.97,7.34
20261009,600790.SH,4.15,3.39
20261009,600791.SH,7.38,6.04
20261009,600792.SH,5.74,4.7
20261009,600793.SH,18.16,14.86
20261009,600794.SH,3.5,2.86
20261009,600795.SH,6.0,4.91
20261009,600796.SH,5.63,4.61
20261009,600797.SH,7.01,5.73
20261009,600798.SH,3.82,3.12
20261009,600800.SH,3.54,2.9
20261009,600801.SH,26.02,21.29
20261009,600802.SH,7.85,6.43
20261009,600803.SH,21.44,17.54
20261009,600805.SH,5.12,4.19
20261009,600807.SH,2.93,2.39
20261009,600808.SH,2.68,2.2
20261009,600809.SH,126.61,103.59
20261009,600810.SH,6.9,5.64
20261009,600812.SH,6.03,4.93
20261009,600814.SH,7.57,6.19
20261009,600815.SH,4.22,3.46
20261009,600816.SH,2.62,2.14
20261009,600817.SH,10.84,8.87
20261009,600818.SH,10.82,8.86
20261009,600819.SH,6.08,4.98
20261009,600820.SH,5.82,4.76
20261009,600821.SH,6.15,5.03
20261009,600822.SH,9.92,8.12
20261009,600824.SH,4.06,3.32
20261009,600825.SH,12.53,10.25
20261009,600826.SH,8.69,7.11
20261009,600827.SH,8.7,7.12
20261009,600828.SH,4.74,3.88
20261009,600829.SH,10.18,8.33
20261009,600830.SH,9.39,7.69
20261009,600831.SH,3.7,3.02
20261009,600833.SH,11.43,9.35
20261009,600834.SH,8.42,6.89
20261009,600835.SH,19.47,15.93
20261009,600838.SH,8.92,7.3
20261009,600839.SH,7.07,5.79
20261009,600841.SH,6.25,5.11
20261009,600843.SH,8.18,6.7
20261009,600844.SH,3.62,2.96
20261009,600845.SH,19.12,15.64
20261009,600846.SH,11.75,9.61
20261009,600847.SH,14.41,11.79
20261009,600848.SH,9.81,8.03
20261009,600850.SH,14.61,11.95
20261009,600851.SH,8.43,6.89
20261009,600853.SH,3.62,2.96
20261009,600854.SH,5.21,4.27
20261009,600855.SH,13.53,11.07
20261009,600857.SH,18.76,15.35
20261009,600858.SH,5.39,4.41
20261009,600859.SH,10.64,8.7
20261009,600860.SH,8.26,6.76
20261009,600861.SH,14.09,11.53
20261009,600862.SH,19.31,15.8
20261009,600863.SH,5.61,4.59
20261009,600864.SH,6.05,4.95
20261009,600865.SH,11.51,9.41
20261009,600866.SH,4.68,3.83
20261009,600867.SH,8.55,6.99
20261009,600868.SH,3.03,2.48
20261009,600869.SH,18.82,15.4
20261009,600871.SH,2.38,1.94
20261009,600872.SH,18.99,15.53
20261009,600873.SH,8.31,6.8
20261009,600874.SH,6.11,5.0
20261009,600875.SH,25.83,21.13
20261009,600876.SH,8.27,6.77
20261009,600877.SH,12.13,9.93
20261009,600879.SH,15.1,12.36
20261009,600880.SH,4.52,3.7
20261009,600881.SH,2.05,1.67
20261009,600882.SH,21.13,17.29
20261009,600883.SH,8.84,7.24
20261009,600884.SH,13.06,10.68
20261009,600885.SH,35.52,29.06
20261009,600886.SH,17.2,14.08
20261009,600887.SH,30.05,24.59
20261009,600888.SH,10.81,8.85
20261009,600889.SH,14.55,11.91
20261009,600892.SH,4.46,3.65
20261009,600893.SH,41.9,34.28
20261009,600894.SH,8.43,6.89
20261009,600895.SH,30.13,24.65
20261009,600897.SH,15.85,12.97
20261009,600900.SH,31.79,26.01
20261009,600901.SH,7.69,6.29
20261009,600903.SH,7.52,6.16
20261009,600905.SH,3.88,3.18
20261009,600906.SH,6.84,5.6
20261009,600908.SH,6.52,5.34
20261009,600909.SH,8.25,6.75
20261009,600916.SH,7.87,6.44
20261009,600917.SH,5.46,4.46
20261009,600918.SH,5.9,4.82
20261009,600919.SH,13.83,11.31
20261009,600925.SH,4.61,3.77
20261009,600926.SH,19.17,15.69
20261009,600927.SH,13.13,10.75
20261009,600928.SH,3.93,3.21
20261009,600929.SH,6.47,5.29
20261009,600930.SH,4.38,3.58
20261009,600933.SH,14.19,11.61
20261009,600935.SH,2.53,2.07
20261009,600936.SH,4.7,3.84
20261009,600938.SH,37.59,30.75
20261009,600939.SH,2.9,2.38
20261009,600941.SH,107.76,88.16
20261009,600955.SH,13.85,11.33
20261009,600956.SH,7.99,6.53
20261009,600958.SH,9.37,7.67
20261009,600959.SH,3.4,2.78
20261009,600960.SH,4.25,3.47
20261009,600961.SH,24.46,20.02
20261009,600962.SH,26.75,21.89
20261009,600963.SH,3.7,3.02
20261009,600965.SH,2.82,2.3
20261009,600966.SH,5.32,4.36
20261009,600967.SH,14.19,11.61
20261009,600968.SH,4.43,3.63
20261009,600969.SH,10.46,8.56
20261009,600970.SH,8.56,7.0
20261009,600971.SH,9.27,7.59
20261009,600973.SH,6.29,5.15
20261009,600975.SH,5.6,4.58
20261009,600976.SH,29.68,24.28
20261009,600977.SH,14.74,12.06
20261009,600979.SH,4.33,3.55
20261009,600980.SH,20.39,16.69
20261009,600981.SH,2.63,2.15
20261009,600982.SH,5.89,4.82
20261009,600983.SH,8.25,6.75
20261009,600984.SH,4.02,3.29
20261009,600985.SH,17.92,14.66
20261009,600986.SH,7.45,6.09
20261009,600987.SH,6.92,5.66
20261009,600988.SH,42.98,35.16
20261009,600989.SH,25.65,20.99
20261009,600990.SH,19.16,15.68
20261009,600992.SH,11.43,9.35
20261009,600993.SH,24.92,20.39
20261009,600995.SH,13.27,10.85
20261009,600996.SH,7.36,6.02
20261009,600997.SH,5.84,4.78
20261009,600998.SH,5.57,4.55
20261009,600999.SH,18.55,15.17
20261009,601000.SH,5.16,4.22
20261009,601001.SH,19.14,15.66
20261009,601002.SH,5.83,4.77
20261009,601003.SH,3.93,3.21
20261009,601005.SH,1.32,1.08
20261009,601006.SH,5.32,4.36
20261009,601007.SH,7.4,6.06
20261009,601008.SH,4.88,4.0
20261009,601009.SH,13.32,10.9
20261009,601010.SH,1.54,1.26
20261009,601011.SH,3.27,2.67
20261009,601012.SH,12.18,9.96
20261009,601015.SH,4.21,3.45
20261009,601016.SH,3.61,2.95
20261009,601018.SH,3.95,3.23
20261009,601019.SH,7.48,6.12
20261009,601020.SH,21.29,17.42
20261009,601021.SH,43.62,35.69
20261009,601022.SH,9.31,7.61
20261009,601026.SH,16.76,13.72
20261009,601033.SH,15.6,12.76
20261009,601038.SH,15.16,12.4
20261009,601058.SH,14.23,11.65
20261009,601059.SH,17.12,14.0
20261009,601061.SH,11.96,9.78
20261009,601065.SH,7.3,5.98
20261009,601066.SH,25.03,20.48
20261009,601068.SH,4.88,4.0
20261009,601069.SH,26.55,21.73
20261009,601077.SH,7.46,6.1
20261009,601083.SH,14.32,11.72
20261009,601086.SH,14.94,12.22
20261009,601088.SH,52.24,42.74
20261009,601089.SH,17.92,14.66
20261009,601091.SH,26.62,21.78
20261009,601096.SH,4.44,3.64
20261009,601098.SH,11.53,9.43
20261009,601099.SH,3.74,3.06
20261009,601100.SH,96.13,78.65
20261009,601101.SH,14.47,11.84
20261009,601106.SH,3.25,2.66
20261009,601107.SH,6.9,5.64
20261009,601108.SH,8.73,7.15
20261009,601111.SH,6.31,5.17
20261009,601112.SH,16.73,13.69
20261009,601113.SH,3.84,3.14
20261009,601116.SH,10.93,8.95
20261009,601117.SH,7.87,6.44
20261009,601118.SH,7.16,5.86
20261009,601121.SH,7.81,6.39
20261009,601123.SH,18.54,15.17
20261009,601126.SH,38.8,31.74
20261009,601127.SH,52.77,43.17
20261009,601128.SH,6.91,5.65
20261009,601133.SH,23.99,19.63
20261009,601136.SH,15.02,12.29
20261009,601137.SH,20.25,16.57
20261009,601138.SH,61.26,50.12
20261009,601139.SH,7.16,5.86
20261009,601155.SH,14.1,11.54
20261009,601156.SH,20.32,16.62
20261009,601158.SH,4.44,3.64
20261009,601162.SH,3.84,3.14
20261009,601163.SH,13.42,10.98
20261009,601166.SH,20.06,16.42
20261009,601168.SH,38.64,31.62
20261009,601169.SH,6.23,5.09
20261009,601177.SH,15.07,12.33
20261009,601179.SH,12.97,10.61
20261009,601186.SH,6.67,5.45
20261009,601187.SH,7.58,6.2
20261009,601188.SH,3.18,2.6
20261009,601198.SH,14.37,11.75
20261009,601199.SH,6.83,5.59
20261009,601200.SH,7.5,6.14
20261009,601208.SH,56.01,45.83
20261009,601211.SH,18.26,14.94
20261009,601212.SH,6.13,5.01
20261009,601216.SH,5.25,4.29
20261009,601218.SH,6.55,5.36
20261009,601222.SH,6.64,5.44
20261009,601225.SH,29.26,23.94
20261009,601226.SH,7.27,5.95
20261009,601228.SH,3.48,2.84
20261009,601229.SH,10.79,8.83
20261009,601231.SH,25.38,20.76
20261009,601233.SH,24.95,20.41
20261009,601236.SH,7.69,6.29
20261009,601238.SH,5.9,4.82
20261009,601279.SH,3.97,3.25
20261009,601288.SH,7.72,6.32
20261009,601298.SH,11.06,9.05
20261009,601311.SH,8.14,6.66
20261009,601318.SH,57.94,47.4
20261009,601319.SH,8.7,7.12
20261009,601326.SH,3.96,3.24
20261009,601328.SH,8.61,7.05
20261009,601330.SH,9.15,7.49
20261009,601333.SH,3.4,2.78
20261009,601336.SH,61.73,50.51
20261009,601339.SH,8.12,6.64
20261009,601360.SH,9.54,7.8
20261009,601366.SH,3.96,3.24
20261009,601368.SH,5.06,4.14
20261009,601369.SH,9.38,7.68
20261009,601375.SH,4.3,3.52
20261009,601377.SH,6.25,5.11
20261009,601388.SH,3.49,2.85
20261009,601390.SH,4.71,3.85
20261009,601398.SH,9.14,7.48
20261009,601399.SH,3.44,2.82
20261009,601456.SH,9.22,7.54
20261009,601500.SH,4.22,3.46
20261009,601512.SH,9.23,7.55
20261009,601515.SH,3.5,2.86
20261009,601518.SH,3.06,2.5
20261009,601519.SH,9.17,7.51
20261009,601528.SH,5.67,4.64
20261009,601555.SH,8.77,7.17
20261009,601566.SH,10.14,8.3
20261009,601567.SH,15.13,12.38
20261009,601568.SH,3.93,3.21
20261009,601577.SH,10.87,8.89
20261009,601579.SH,43.56,35.64
20261009,601588.SH,1.98,1.62
20261009,601595.SH,24.74,20.24
20261009,601598.SH,7.38,6.04
20261009,601599.SH,3.53,2.89
20261009,601600.SH,9.92,8.12
20261009,601601.SH,33.91,27.75
20261009,601606.SH,33.55,27.45
20261009,601607.SH,18.12,14.82
20261009,601608.SH,5.06,4.14
20261009,601609.SH,12.22,10.0
20261009,601611.SH,11.0,9.0
20261009,601615.SH,10.52,8.6
20261009,601616.SH,4.14,3.38
20261009,601618.SH,2.81,2.3
20261009,601619.SH,4.32,3.54
20261009,601628.SH,39.53,32.35
20261009,601633.SH,14.75,12.07
20261009,601636.SH,5.74,4.7
20261009,601658.SH,6.04,4.94
20261009,601665.SH,7.87,6.44
20261009,601666.SH,9.74,7.97
20261009,601668.SH,4.83,3.95
20261009,601669.SH,5.04,4.12
20261009,601677.SH,17.67,14.45
20261009,601678.SH,6.23,5.09
20261009,601686.SH,5.52,4.52
20261009,601688.SH,19.36,15.84
20261009,601689.SH,47.17,38.59
20261009,601696.SH,11.84,9.68
20261009,601698.SH,25.29,20.69
20261009,601699.SH,16.8,13.74
20261009,601700.SH,7.02,5.74
20261009,601702.SH,16.4,13.42
20261009,601717.SH,14.69,12.02
20261009,601718.SH,2.12,1.74
20261009,601727.SH,7.06,5.78
20261009,601728.SH,7.06,5.78
20261009,601766.SH,6.84,5.6
20261009,601777.SH,8.86,7.25
20261009,601778.SH,3.71,3.03
20261009,601788.SH,14.77,12.09
20261009,601789.SH,4.6,3.76
20261009,601798.SH,8.47,6.93
20261009,601799.SH,74.91,61.29
20261009,601800.SH,6.66,5.45
20261009,601801.SH,5.95,4.87
20261009,601808.SH,13.82,11.3
20261009,601811.SH,20.91,17.11
20261009,601816.SH,5.29,4.33
20261009,601818.SH,3.39,2.77
20261009,601825.SH,9.58,7.84
20261009,601827.SH,8.69,7.11
20261009,601828.SH,2.39,1.95
20261009,601838.SH,21.54,17.62
20261009,601857.SH,12.75,10.43
20261009,601858.SH,23.27,19.04
20261009,601860.SH,2.85,2.33
20261009,601865.SH,10.03,8.21
20261009,601866.SH,2.72,2.22
20261009,601868.SH,2.62,2.14
20261009,601869.SH,433.39,354.59
20261009,601872.SH,24.23,19.83
20261009,601877.SH,28.26,23.12
20261009,601878.SH,9.72,7.96
20261009,601880.SH,1.63,1.33
20261009,601881.SH,12.54,10.26
20261009,601882.SH,23.76,19.44
20261009,601886.SH,14.18,11.6
20261009,601888.SH,55.76,45.62
20261009,601890.SH,10.41,8.51
20261009,601898.SH,15.5,12.68
20261009,601899.SH,32.31,26.43
20261009,601900.SH,13.61,11.13
20261009,601901.SH,7.26,5.94
20261009,601908.SH,3.21,2.63
20261009,601916.SH,3.21,2.63
20261009,601918.SH,12.68,10.38
20261009,601919.SH,18.26,14.94
20261009,601921.SH,8.2,6.71
20261009,601928.SH,9.16,7.5
20261009,601929.SH,2.5,2.04
20261009,601933.SH,3.26,2.66
20261009,601939.SH,12.27,10.04
20261009,601949.SH,6.3,5.16
20261009,601952.SH,9.83,8.05
20261009,601956.SH,6.07,4.97
20261009,601958.SH,20.81,17.03
20261009,601963.SH,12.32,10.08
20261009,601965.SH,15.46,12.65
20261009,601966.SH,11.52,9.42
20261009,601968.SH,4.92,4.02
20261009,601969.SH,9.99,8.17
20261009,601975.SH,5.47,4.47
20261009,601985.SH,10.09,8.25
20261009,601988.SH,7.49,6.13
20261009,601990.SH,7.18,5.88
20261009,601991.SH,5.89,4.82
20261009,601992.SH,1.55,1.27
20261009,601995.SH,33.21,27.17
20261009,601996.SH,3.12,2.56
20261009,601997.SH,6.2,5.08
20261009,601998.SH,9.99,8.17
20261009,601999.SH,7.37,6.03
20261009,603000.SH,17.71,14.49
20261009,603001.SH,12.46,10.2
20261009,603002.SH,20.56,16.82
20261009,603004.SH,21.75,17.79
20261009,603005.SH,28.4,23.24
20261009,603006.SH,11.85,9.69
20261009,603007.SH,4.87,3.99
20261009,603008.SH,11.77,9.63
20261009,603009.SH,47.69,39.02
20261009,603010.SH,13.4,10.96
20261009,603011.SH,25.66,21.0
20261009,603012.SH,9.47,7.75
20261009,603013.SH,15.72,12.86
20261009,603014.SH,32.97,26.97
20261009,603015.SH,11.53,9.43
20261009,603016.SH,34.85,28.51
20261009,603017.SH,11.01,9.01
20261009,603018.SH,5.62,4.6
20261009,603019.SH,84.46,69.1
20261009,603020.SH,14.03,11.48
20261009,603021.SH,4.69,3.83
20261009,603022.SH,9.99,8.17
20261009,603023.SH,4.39,3.59
20261009,603025.SH,13.98,11.44
20261009,603026.SH,64.9,53.1
20261009,603027.SH,8.15,6.67
20261009,603028.SH,7.78,6.36
20261009,603029.SH,18.33,14.99
20261009,603030.SH,2.26,1.85
20261009,603031.SH,37.29,30.51
20261009,603032.SH,19.95,16.33
20261009,603033.SH,8.42,6.89
20261009,603035.SH,11.43,9.35
20261009,603036.SH,14.84,12.14
20261009,603037.SH,11.78,9.64
20261009,603038.SH,16.76,13.72
20261009,603039.SH,36.52,29.88
20261009,603040.SH,46.78,38.28
20261009,603041.SH,12.57,10.29
20261009,603042.SH,17.66,14.45
20261009,603043.SH,14.62,11.96
20261009,603045.SH,49.53,40.53
20261009,603048.SH,26.53,21.71
20261009,603049.SH,47.75,39.07
20261009,603050.SH,17.51,14.33
20261009,603051.SH,25.85,21.15
20261009,603052.SH,53.08,43.43
20261009,603053.SH,9.71,7.95
20261009,603055.SH,10.4,8.51
20261009,603057.SH,19.54,15.98
20261009,603058.SH,9.23,7.55
20261009,603059.SH,28.58,23.38
20261009,603060.SH,6.09,4.99
20261009,603061.SH,326.37,267.03
20261009,603062.SH,41.35,33.83
20261009,603063.SH,29.33,23.99
20261009,603065.SH,15.43,12.63
20261009,603066.SH,10.2,8.34
20261009,603067.SH,42.31,34.61
20261009,603068.SH,46.68,38.2
20261009,603069.SH,14.56,11.92
20261009,603070.SH,12.58,10.3
20261009,603071.SH,13.78,11.28
20261009,603072.SH,32.09,26.25
20261009,603073.SH,25.27,20.67
20261009,603075.SH,22.04,18.04
20261009,603076.SH,21.97,17.97
20261009,603077.SH,2.41,1.97
20261009,603078.SH,30.95,25.33
20261009,603079.SH,14.65,11.99
20261009,603080.SH,22.44,18.36
20261009,603081.SH,10.38,8.5
20261009,603082.SH,43.34,35.46
20261009,603083.SH,212.41,173.79
20261009,603085.SH,11.17,9.14
20261009,603086.SH,6.83,5.59
20261009,603087.SH,80.92,66.2
20261009,603088.SH,10.66,8.72
20261009,603089.SH,10.43,8.53
20261009,603090.SH,38.39,31.41
20261009,603091.SH,50.38,41.22
20261009,603092.SH,52.16,42.68
20261009,603093.SH,14.4,11.78
20261009,603095.SH,15.2,12.44
20261009,603096.SH,17.33,14.18
20261009,603097.SH,20.79,17.01
20261009,603098.SH,11.66,9.54
20261009,603099.SH,47.43,38.81
20261009,603100.SH,20.31,16.61
20261009,603101.SH,7.99,6.53
20261009,603102.SH,40.43,33.08
20261009,603103.SH,16.89,13.82
20261009,603105.SH,9.68,7.92
20261009,603106.SH,7.8,6.38
20261009,603107.SH,13.66,11.18
20261009,603108.SH,10.63,8.69
20261009,603109.SH,19.0,15.54
20261009,603110.SH,26.35,21.56
20261009,603111.SH,6.68,5.46
20261009,603112.SH,18.32,14.99
20261009,603113.SH,5.5,4.5
20261009,603115.SH,72.93,59.67
20261009,603116.SH,7.87,6.44
20261009,603117.SH,4.33,3.55
20261009,603118.SH,16.59,13.57
20261009,603119.SH,53.72,43.96
20261009,603120.SH,59.07,48.33
20261009,603121.SH,13.11,10.73
20261009,603122.SH,14.92,12.2
20261009,603123.SH,10.18,8.33
20261009,603124.SH,127.0,103.91
20261009,603125.SH,22.99,18.81
20261009,603126.SH,7.01,5.73
20261009,603127.SH,57.27,46.85
20261009,603128.SH,5.95,4.87
20261009,603129.SH,300.27,245.67
20261009,603130.SH,43.78,35.82
20261009,603131.SH,14.83,12.13
20261009,603132.SH,19.65,16.07
20261009,603135.SH,9.23,7.55
20261009,603136.SH,9.81,8.03
20261009,603137.SH,21.52,17.6
20261009,603138.SH,14.44,11.82
20261009,603139.SH,37.9,31.01
20261009,603150.SH,71.36,58.38
20261009,603151.SH,19.64,16.07
20261009,603153.SH,14.95,12.23
20261009,603155.SH,15.43,12.63
20261009,603156.SH,46.42,37.98
20261009,603158.SH,11.0,9.0
20261009,603159.SH,24.5,20.04
20261009,603160.SH,56.71,46.4
20261009,603161.SH,15.74,12.88
20261009,603162.SH,14.85,12.15
20261009,603163.SH,79.2,64.8
20261009,603165.SH,15.27,12.49
20261009,603166.SH,11.41,9.33
20261009,603167.SH,8.8,7.2
20261009,603168.SH,6.55,5.36
20261009,603169.SH,6.67,5.45
20261009,603170.SH,14.85,12.15
20261009,603171.SH,41.18,33.7
20261009,603172.SH,21.66,17.72
20261009,603173.SH,32.87,26.89
20261009,603175.SH,112.84,92.32
20261009,603176.SH,5.79,4.73
20261009,603177.SH,11.88,9.72
20261009,603178.SH,17.93,14.67
20261009,603179.SH,41.26,33.76
20261009,603180.SH,17.33,14.18
20261009,603181.SH,13.46,11.02
20261009,603182.SH,15.0,12.28
20261009,603183.SH,5.71,4.67
20261009,603185.SH,16.36,13.38
20261009,603186.SH,246.68,201.83
20261009,603187.SH,11.78,9.64
20261009,603188.SH,5.54,4.54
20261009,603189.SH,11.22,9.18
20261009,603190.SH,17.72,14.5
20261009,603191.SH,14.45,11.83
20261009,603192.SH,23.27,19.04
20261009,603193.SH,21.37,17.49
20261009,603194.SH,36.72,30.04
20261009,603195.SH,42.78,35.0
20261009,603196.SH,19.18,15.7
20261009,603197.SH,31.69,25.93
20261009,603198.SH,42.35,34.65
20261009,603199.SH,34.53,28.25
20261009,603200.SH,54.13,44.29
20261009,603201.SH,16.69,13.65
20261009,603202.SH,55.37,45.31
20261009,603203.SH,43.27,35.41
20261009,603205.SH,23.89,19.55
20261009,603206.SH,14.64,11.98
20261009,603207.SH,26.48,21.66
20261009,603208.SH,12.54,10.26
20261009,603209.SH,16.63,13.61
20261009,603210.SH,15.1,12.36
20261009,603211.SH,20.37,16.67
20261009,603212.SH,12.43,10.17
20261009,603213.SH,15.07,12.33
20261009,603214.SH,15.03,12.29
20261009,603215.SH,16.76,13.72
20261009,603216.SH,24.1,19.72
20261009,603217.SH,29.15,23.85
20261009,603218.SH,10.46,8.56
20261009,603219.SH,14.41,11.79
20261009,603220.SH,17.47,14.29
20261009,603221.SH,26.72,21.86
20261009,603222.SH,8.86,7.25
20261009,603223.SH,10.2,8.34
20261009,603225.SH,18.8,15.38
20261009,603226.SH,31.25,25.57
20261009,603227.SH,8.28,6.78
20261009,603228.SH,107.68,88.1
20261009,603229.SH,8.87,7.25
20261009,603230.SH,14.32,11.72
20261009,603231.SH,18.76,15.35
20261009,603232.SH,16.98,13.9
20261009,603233.SH,20.2,16.52
20261009,603235.SH,28.35,23.19
20261009,603236.SH,75.34,61.64
20261009,603237.SH,16.86,13.8
20261009,603238.SH,14.05,11.49
20261009,603239.SH,14.94,12.22
20261009,603248.SH,23.58,19.3
20261009,603255.SH,34.32,28.08
20261009,603256.SH,137.1,112.18
20261009,603257.SH,69.73,57.05
20261009,603258.SH,15.27,12.49
20261009,603259.SH,178.2,145.8
20261009,603260.SH,34.46,28.2
20261009,603261.SH,52.37,42.85
20261009,603262.SH,18.66,15.26
20261009,603266.SH,23.44,19.18
20261009,603267.SH,49.61,40.59
20261009,603268.SH,240.63,196.88
20261009,603269.SH,26.73,21.87
20261009,603270.SH,31.92,26.12
20261009,603271.SH,42.7,34.94
20261009,603272.SH,16.51,13.51
20261009,603273.SH,15.88,13.0
20261009,603275.SH,39.72,32.5
20261009,603276.SH,19.45,15.91
20261009,603277.SH,12.3,10.06
20261009,603278.SH,11.23,9.19
20261009,603279.SH,12.2,9.98
20261009,603280.SH,30.68,25.1
20261009,603281.SH,19.97,16.34
20261009,603282.SH,18.81,15.39
20261009,603283.SH,43.08,35.24
20261009,603284.SH,44.25,36.21
20261009,603285.SH,40.6,33.22
20261009,603286.SH,47.11,38.55
20261009,603288.SH,37.25,30.47
20261009,603289.SH,11.76,9.62
20261009,603290.SH,86.74,70.97
20261009,603291.SH,9.58,7.84
20261009,603293.SH,38.7,31.66
20261009,603296.SH,79.81,65.3
20261009,603297.SH,111.32,91.08
20261009,603298.SH,23.9,19.56
20261009,603299.SH,9.58,7.84
20261009,603300.SH,4.95,4.05
20261009,603301.SH,86.34,70.64
20261009,603303.SH,30.5,24.96
20261009,603305.SH,11.96,9.78
20261009,603306.SH,73.6,60.22
20261009,603307.SH,27.91,22.83
20261009,603308.SH,39.68,32.46
20261009,603309.SH,12.25,10.03
20261009,603310.SH,15.97,13.07
20261009,603311.SH,28.25,23.11
20261009,603312.SH,36.39,29.77
20261009,603313.SH,6.84,5.6
20261009,603315.SH,11.51,9.41
20261009,603316.SH,16.1,13.18
20261009,603317.SH,13.76,11.26
20261009,603318.SH,10.0,8.18
20261009,603319.SH,28.83,23.59
20261009,603320.SH,19.47,15.93
20261009,603321.SH,7.78,6.36
20261009,603322.SH,29.24,23.92
20261009,603323.SH,4.99,4.09
20261009,603324.SH,25.91,21.2
20261009,603325.SH,59.8,48.92
20261009,603326.SH,8.45,6.91
20261009,603327.SH,8.73,7.15
20261009,603328.SH,14.91,12.2
20261009,603329.SH,11.25,9.21
20261009,603330.SH,9.97,8.15
20261009,603331.SH,13.67,11.19
20261009,603332.SH,13.41,10.97
20261009,603333.SH,9.9,8.1
20261009,603334.SH,36.75,30.07
20261009,603335.SH,6.55,5.36
20261009,603336.SH,10.56,8.64
20261009,603337.SH,38.18,31.24
20261009,603338.SH,57.49,47.03
20261009,603339.SH,13.29,10.87
20261009,603341.SH,37.35,30.56
20261009,603344.SH,23.62,19.32
20261009,603345.SH,86.23,70.55
20261009,603348.SH,15.85,12.97
20261009,603350.SH,31.11,25.45
20261009,603351.SH,31.34,25.64
20261009,603352.SH,27.5,22.5
20261009,603353.SH,40.84,33.42
20261009,603355.SH,35.68,29.2
20261009,603356.SH,18.05,14.77
20261009,603357.SH,6.57,5.37
20261009,603358.SH,48.94,40.04
20261009,603359.SH,2.17,1.77
20261009,603360.SH,13.41,10.97
20261009,603363.SH,3.06,2.5
20261009,603365.SH,18.05,14.77
20261009,603366.SH,8.03,6.57
20261009,603367.SH,15.88,13.0
20261009,603368.SH,16.74,13.7
20261009,603369.SH,30.42,24.89
20261009,603370.SH,29.93,24.49
20261009,603373.SH,57.42,46.98
20261009,603375.SH,45.96,37.6
20261009,603376.SH,29.54,24.17
20261009,603377.SH,3.32,2.72
20261009,603378.SH,5.19,4.25
20261009,603379.SH,52.53,42.98
20261009,603380.SH,34.28,28.04
20261009,603381.SH,16.19,13.25
20261009,603382.SH,20.83,17.05
20261009,603383.SH,28.72,23.5
20261009,603385.SH,6.14,5.02
20261009,603386.SH,19.25,15.75
20261009,603387.SH,11.18,9.14
20261009,603389.SH,47.85,39.15
20261009,603390.SH,12.45,10.19
20261009,603391.SH,79.08,64.7
20261009,603392.SH,29.15,23.85
20261009,603393.SH,28.01,22.91
20261009,603395.SH,27.93,22.85
20261009,603396.SH,35.1,28.72
20261009,603398.SH,8.56,7.0
20261009,603399.SH,14.91,12.2
20261009,603400.SH,52.47,42.93
20261009,603402.SH,63.47,51.93
20261009,603406.SH,30.72,25.14
20261009,603407.SH,62.1,50.81
20261009,603408.SH,12.56,10.28
20261009,603409.SH,19.31,15.8
20261009,603416.SH,48.57,39.74
20261009,603418.SH,55.0,45.0
20261009,603421.SH,6.72,5.5
20261009,603429.SH,9.76,7.98
20261009,603435.SH,48.44,39.64
20261009,603439.SH,13.92,11.39
20261009,603444.SH,373.21,305.35
20261009,603448.SH,64.15,52.49
20261009,603456.SH,17.99,14.72
20261009,603458.SH,11.85,9.69
20261009,603459.SH,82.62,67.6
20261009,603466.SH,12.66,10.36
20261009,603468.SH,24.15,19.76
20261009,603477.SH,15.13,12.38
20261009,603486.SH,52.76,43.16
20261009,603488.SH,8.37,6.85
20261009,603489.SH,30.58,25.02
20261009,603496.SH,24.01,19.65
20261009,603499.SH,13.7,11.21
20261009,603500.SH,10.81,8.85
20261009,603501.SH,86.86,71.06
20261009,603505.SH,15.29,12.51
20261009,603506.SH,13.51,11.05
20261009,603507.SH,30.16,24.68
20261009,603508.SH,22.51,18.41
20261009,603511.SH,14.17,11.59
20261009,603515.SH,16.36,13.38
20261009,603516.SH,81.25,66.47
20261009,603517.SH,12.28,10.04
20261009,603518.SH,8.59,7.03
20261009,603519.SH,18.07,14.79
20261009,603520.SH,9.41,7.7
20261009,603527.SH,10.68,8.74
20261009,603528.SH,6.88,5.63
20261009,603529.SH,25.18,20.6
20261009,603530.SH,44.78,36.64
20261009,603533.SH,25.44,20.82
20261009,603535.SH,6.91,5.65
20261009,603536.SH,11.21,9.17
20261009,603538.SH,32.41,26.51
20261009,603551.SH,10.44,8.54
20261009,603556.SH,24.53,20.07
20261009,603557.SH,3.43,2.81
20261009,603558.SH,14.14,11.57
20261009,603559.SH,9.47,7.75
20261009,603565.SH,12.96,10.6
20261009,603566.SH,11.2,9.16
20261009,603567.SH,5.79,4.73
20261009,603568.SH,14.7,12.02
20261009,603569.SH,6.51,5.33
20261009,603577.SH,10.59,8.67
20261009,603578.SH,15.6,12.76
20261009,603579.SH,19.61,16.05
20261009,603580.SH,79.94,65.4
20261009,603583.SH,30.01,24.55
20261009,603585.SH,11.69,9.57
20261009,603586.SH,15.11,12.37
20261009,603587.SH,13.61,11.13
20261009,603588.SH,17.31,14.17
20261009,603589.SH,19.57,16.01
20261009,603590.SH,34.31,28.07
20261009,603595.SH,34.1,27.9
20261009,603596.SH,30.06,24.6
20261009,603598.SH,20.34,16.64
20261009,603599.SH,11.43,9.35
20261009,603600.SH,11.11,9.09
20261009,603601.SH,10.79,8.83
20261009,603602.SH,13.4,10.96
20261009,603605.SH,60.63,49.61
20261009,603606.SH,41.29,33.79
20261009,603607.SH,24.26,19.85
20261009,603608.SH,20.72,16.96
20261009,603609.SH,6.94,5.68
20261009,603610.SH,14.26,11.66
20261009,603611.SH,17.49,14.31
20261009,603612.SH,17.79,14.55
20261009,603613.SH,20.28,16.6
20261009,603615.SH,20.05,16.41
20261009,603616.SH,6.22,5.09
20261009,603617.SH,7.33,5.99
20261009,603618.SH,35.3,28.88
20261009,603619.SH,23.82,19.49
20261009,603626.SH,25.58,20.93
20261009,603628.SH,11.31,9.25
20261009,603629.SH,103.0,84.28
20261009,603630.SH,17.39,14.23
20261009,603633.SH,6.74,5.52
20261009,603636.SH,8.21,6.71
20261009,603637.SH,14.87,12.17
20261009,603638.SH,21.77,17.81
20261009,603639.SH,11.5,9.41
20261009,603648.SH,10.43,8.53
20261009,603650.SH,64.98,53.16
20261009,603655.SH,32.95,26.96
20261009,603656.SH,18.9,15.46
20261009,603657.SH,41.11,33.63
20261009,603658.SH,36.53,29.89
20261009,603659.SH,24.05,19.67
20261009,603660.SH,9.77,7.99
20261009,603661.SH,37.02,30.29
20261009,603662.SH,50.16,41.04
20261009,603663.SH,45.9,37.56
20261009,603665.SH,26.62,21.78
20261009,603666.SH,27.81,22.75
20261009,603667.SH,51.7,42.3
20261009,603668.SH,12.31,10.07
20261009,603669.SH,7.3,5.98
20261009,603676.SH,9.96,8.15
20261009,603677.SH,15.7,12.84
20261009,603678.SH,46.39,37.95
20261009,603679.SH,24.56,20.1
20261009,603680.SH,11.22,9.18
20261009,603681.SH,20.25,16.57
20261009,603682.SH,10.03,8.21
20261009,603683.SH,16.35,13.37
20261009,603685.SH,28.79,23.55
20261009,603686.SH,16.61,13.59
20261009,603687.SH,15.14,12.38
20261009,603688.SH,45.67,37.37
20261009,603689.SH,8.64,7.07
20261009,603690.SH,23.65,19.35
20261009,603693.SH,13.6,11.12
20261009,603696.SH,14.82,12.12
20261009,603697.SH,10.69,8.75
20261009,603698.SH,22.31,18.25
20261009,603699.SH,46.9,38.38
20261009,603700.SH,12.79,10.47
20261009,603701.SH,20.85,17.06
20261009,603703.SH,10.68,8.74
20261009,603706.SH,19.32,15.8
20261009,603707.SH,8.91,7.29
20261009,603708.SH,9.85,8.06
20261009,603709.SH,14.03,11.48
20261009,603711.SH,13.28,10.86
20261009,603712.SH,12.39,10.13
20261009,603713.SH,73.62,60.24
20261009,603716.SH,17.8,14.56
20261009,603717.SH,6.62,5.42
20261009,603718.SH,3.39,2.77
20261009,603719.SH,10.22,8.36
20261009,603721.SH,19.87,16.25
20261009,603722.SH,30.65,25.07
20261009,603725.SH,13.12,10.74
20261009,603726.SH,25.54,20.9
20261009,603727.SH,22.28,18.23
20261009,603728.SH,53.47,43.75
20261009,603729.SH,13.74,11.24
20261009,603730.SH,10.65,8.71
20261009,603733.SH,19.73,16.15
20261009,603737.SH,25.14,20.57
20261009,603738.SH,34.27,28.04
20261009,603739.SH,15.08,12.34
20261009,603755.SH,28.74,23.52
20261009,603757.SH,76.57,62.65
20261009,603758.SH,11.41,9.33
20261009,603759.SH,8.97,7.34
20261009,603766.SH,15.44,12.64
20261009,603767.SH,16.1,13.18
20261009,603768.SH,13.44,11.0
20261009,603773.SH,88.77,72.63
20261009,603776.SH,22.53,18.43
20261009,603777.SH,15.43,12.63
20261009,603778.SH,9.02,7.38
20261009,603779.SH,9.19,7.52
20261009,603786.SH,40.04,32.76
20261009,603787.SH,11.5,9.41
20261009,603788.SH,16.5,13.5
20261009,603789.SH,6.62,5.42
20261009,603790.SH,27.83,22.77
20261009,603797.SH,5.25,4.29
20261009,603798.SH,15.61,12.77
20261009,603799.SH,38.75,31.71
20261009,603800.SH,56.02,45.84
20261009,603801.SH,6.78,5.54
20261009,603803.SH,11.99,9.81
20261009,603806.SH,15.66,12.82
20261009,603808.SH,9.7,7.94
20261009,603809.SH,9.17,7.51
20261009,603810.SH,13.65,11.17
20261009,603811.SH,7.61,6.23
20261009,603813.SH,28.46,23.28
20261009,603815.SH,5.58,4.56
20261009,603816.SH,25.62,20.96
20261009,603817.SH,6.34,5.18
20261009,603818.SH,4.46,3.65
20261009,603819.SH,17.56,14.36
20261009,603822.SH,74.8,61.2
20261009,603823.SH,51.25,41.93
20261009,603825.SH,8.16,6.68
20261009,603826.SH,16.49,13.49
20261009,603828.SH,6.56,5.36
20261009,603829.SH,16.92,13.84
20261009,603833.SH,33.76,27.62
20261009,603836.SH,10.55,8.63
20261009,603838.SH,12.95,10.59
20261009,603839.SH,7.48,6.12
20261009,603843.SH,6.49,5.31
20261009,603848.SH,15.15,12.39
20261009,603855.SH,18.47,15.11
20261009,603856.SH,13.02,10.66
20261009,603858.SH,16.06,13.14
20261009,603859.SH,39.29,32.15
20261009,603860.SH,29.01,23.73
20261009,603861.SH,12.1,9.9
20261009,603863.SH,14.98,12.26
20261009,603866.SH,4.73,3.87
20261009,603867.SH,38.13,31.19
20261009,603868.SH,34.97,28.61
20261009,603869.SH,9.24,7.56
20261009,603871.SH,13.4,10.96
20261009,603876.SH,18.83,15.41
20261009,603877.SH,13.38,10.94
20261009,603878.SH,5.37,4.39
20261009,603879.SH,5.51,4.51
20261009,603880.SH,9.12,7.46
20261009,603881.SH,24.59,20.12
20261009,603882.SH,31.12,25.46
20261009,603883.SH,14.61,11.95
20261009,603885.SH,10.64,8.7
20261009,603886.SH,14.53,11.89
20261009,603887.SH,9.08,7.43
20261009,603888.SH,18.61,15.23
20261009,603889.SH,6.86,5.62
20261009,603890.SH,16.16,13.22
20261009,603893.SH,219.52,179.6
20261009,603895.SH,27.89,22.82
20261009,603896.SH,16.15,13.21
20261009,603897.SH,31.13,25.47
20261009,603898.SH,12.71,10.4
20261009,603899.SH,24.34,19.92
20261009,603900.SH,6.88,5.63
20261009,603901.SH,9.99,8.17
20261009,603903.SH,14.38,11.76
20261009,603906.SH,23.03,18.85
20261009,603908.SH,22.13,18.11
20261009,603909.SH,11.1,9.08
20261009,603912.SH,9.42,7.7
20261009,603915.SH,14.09,11.53
20261009,603916.SH,11.37,9.31
20261009,603917.SH,15.11,12.37
20261009,603918.SH,11.21,9.17
20261009,603919.SH,18.55,15.17
20261009,603920.SH,47.5,38.86
20261009,603922.SH,12.62,10.32
20261009,603926.SH,17.88,14.63
20261009,603927.SH,14.84,12.14
20261009,603928.SH,15.82,12.94
20261009,603929.SH,151.58,124.02
20261009,603931.SH,34.36,28.12
20261009,603933.SH,19.93,16.31
20261009,603936.SH,20.85,17.06
20261009,603937.SH,14.48,11.84
20261009,603938.SH,45.53,37.25
20261009,603939.SH,25.88,21.18
20261009,603948.SH,22.87,18.71
20261009,603949.SH,18.23,14.91
20261009,603950.SH,55.44,45.36
20261009,603955.SH,27.01,22.1
20261009,603956.SH,7.49,6.13
20261009,603958.SH,19.48,15.94
20261009,603959.SH,4.64,3.8
20261009,603960.SH,17.81,14.57
20261009,603966.SH,8.33,6.81
20261009,603967.SH,13.84,11.32
20261009,603968.SH,13.53,11.07
20261009,603969.SH,7.88,6.44
20261009,603970.SH,12.85,10.51
20261009,603976.SH,32.18,26.33
20261009,603977.SH,11.53,9.43
20261009,603978.SH,28.88,23.63
20261009,603979.SH,79.34,64.92
20261009,603980.SH,9.9,8.1
20261009,603982.SH,7.41,6.07
20261009,603983.SH,31.82,26.04
20261009,603985.SH,18.19,14.89
20261009,603986.SH,367.84,300.96
20261009,603987.SH,8.32,6.8
20261009,603988.SH,18.73,15.33
20261009,603989.SH,29.58,24.2
20261009,603990.SH,20.96,17.15
20261009,603991.SH,180.36,147.56
20261009,603992.SH,20.92,17.12
20261009,603993.SH,18.27,14.95
20261009,603995.SH,27.78,22.73
20261009,603997.SH,14.82,12.12
20261009,603998.SH,11.34,9.28
20261009,603999.SH,7.26,5.94
20261009,605001.SH,6.4,5.24
20261009,605003.SH,26.63,21.79
20261009,605005.SH,17.49,14.31
20261009,605006.SH,15.65,12.81
20261009,605007.SH,16.63,13.61
20261009,605008.SH,14.69,12.02
20261009,605009.SH,27.64,22.62
20261009,605011.SH,21.02,17.2
20261009,605016.SH,22.24,18.2
20261009,605018.SH,12.61,10.31
20261009,605020.SH,32.93,26.95
20261009,605028.SH,25.77,21.09
20261009,605033.SH,21.73,17.78
20261009,605050.SH,11.23,9.19
20261009,605055.SH,9.42,7.7
20261009,605056.SH,14.58,11.93
20261009,605058.SH,53.35,43.65
20261009,605060.SH,41.28,33.78
20261009,605066.SH,7.39,6.05
20261009,605068.SH,22.22,18.18
20261009,605069.SH,13.96,11.42
20261009,605077.SH,12.87,10.53
20261009,605080.SH,24.88,20.36
20261009,605086.SH,25.41,20.79
20261009,605088.SH,26.06,21.32
20261009,605089.SH,24.67,20.19
20261009,605090.SH,34.86,28.52
20261009,605098.SH,59.42,48.62
20261009,605099.SH,30.68,25.1
20261009,605100.SH,42.24,34.56
20261009,605108.SH,13.2,10.8
20261009,605111.SH,55.2,45.16
20261009,605116.SH,21.82,17.86
20261009,605117.SH,84.66,69.26
20261009,605118.SH,34.17,27.95
20261009,605122.SH,13.29,10.87
20261009,605123.SH,83.6,68.4
20261009,605128.SH,27.26,22.3
20261009,605133.SH,27.69,22.65
20261009,605136.SH,9.44,7.72
20261009,605138.SH,6.77,5.54
20261009,605151.SH,20.26,16.58
20261009,605155.SH,16.17,13.23
20261009,605158.SH,8.43,6.89
20261009,605162.SH,11.39,9.32
20261009,605166.SH,9.23,7.55
20261009,605167.SH,16.86,13.8
20261009,605168.SH,52.1,42.62
20261009,605169.SH,14.87,12.17
20261009,605177.SH,28.29,23.15
20261009,605178.SH,69.16,56.58
20261009,605179.SH,26.63,21.79
20261009,605180.SH,15.25,12.47
20261009,605183.SH,18.07,14.79
20261009,605186.SH,26.7,21.84
20261009,605188.SH,13.84,11.32
20261009,605189.SH,15.55,12.73
20261009,605196.SH,37.4,30.6
20261009,605198.SH,69.96,57.24
20261009,605199.SH,6.41,5.25
20261009,605208.SH,15.96,13.06
20261009,605218.SH,14.83,12.13
20261009,605222.SH,23.76,19.44
20261009,605228.SH,12.38,10.13
20261009,605255.SH,61.71,50.49
20261009,605258.SH,42.33,34.63
20261009,605259.SH,19.15,15.67
20261009,605266.SH,17.67,14.45
20261009,605268.SH,11.06,9.05
20261009,605277.SH,18.3,14.98
20261009,605286.SH,27.72,22.68
20261009,605287.SH,40.18,32.88
20261009,605288.SH,72.95,59.69
20261009,605289.SH,99.4,81.32
20261009,605296.SH,33.24,27.2
20261009,605298.SH,49.47,40.47
20261009,605299.SH,13.49,11.03
20261009,605300.SH,11.55,9.45
20261009,605303.SH,34.68,28.38
20261009,605305.SH,33.62,27.5
20261009,605318.SH,79.1,64.72
20261009,605319.SH,24.3,19.88
20261009,605333.SH,18.14,14.84
20261009,605336.SH,12.82,10.49
20261009,605337.SH,10.05,8.23
20261009,605338.SH,20.65,16.89
20261009,605339.SH,14.7,12.02
20261009,605358.SH,46.94,38.4
20261009,605365.SH,15.59,12.75
20261009,605366.SH,12.14,9.94
20261009,605368.SH,7.52,6.16
20261009,605369.SH,19.5,15.96
20261009,605376.SH,120.8,98.84
20261009,605377.SH,8.89,7.27
20261009,605378.SH,19.0,15.54
20261009,605388.SH,7.62,6.24
20261009,605389.SH,65.34,53.46
20261009,605398.SH,25.16,20.58
20261009,605399.SH,13.06,10.68
20261009,605488.SH,31.09,25.43
20261009,605499.SH,124.34,101.74
20261009,605500.SH,8.28,6.78
20261009,605507.SH,19.25,15.75
20261009,605555.SH,13.3,10.88
20261009,605566.SH,37.53,30.71
20261009,605567.SH,10.7,8.76
20261009,605577.SH,16.2,13.26
20261009,605580.SH,22.22,18.18
20261009,605588.SH,46.59,38.12
20261009,605589.SH,39.38,32.22
20261009,605598.SH,26.25,21.47
20261009,605599.SH,14.74,12.06
20261009,688001.SH,68.06,45.38
20261009,688002.SH,206.18,137.46
20261009,688003.SH,83.12,55.42
20261009,688004.SH,35.16,23.44
20261009,688005.SH,29.26,19.5
20261009,688006.SH,24.46,16.3
20261009,688007.SH,12.18,8.12
20261009,688008.SH,236.41,157.61
20261009,688009.SH,5.65,3.77
20261009,688010.SH,30.76,20.5
20261009,688011.SH,69.89,46.59
20261009,688012.SH,375.89,250.59
20261009,688013.SH,29.21,19.47
20261009,688015.SH,19.86,13.24
20261009,688016.SH,100.27,66.85
20261009,688017.SH,307.06,204.7
20261009,688018.SH,141.18,94.12
20261009,688019.SH,245.05,163.37
20261009,688020.SH,151.27,100.85
20261009,688021.SH,23.84,15.9
20261009,688022.SH,11.77,7.85
20261009,688023.SH,53.38,35.58
20261009,688025.SH,467.3,311.54
20261009,688026.SH,35.1,23.4
20261009,688027.SH,377.95,251.97
20261009,688028.SH,120.58,80.38
20261009,688029.SH,97.08,64.72
20261009,688030.SH,23.33,15.55
20261009,688031.SH,103.51,69.01
20261009,688032.SH,80.82,53.88
20261009,688033.SH,8.69,5.79
20261009,688035.SH,79.68,53.12
20261009,688036.SH,55.32,36.88
20261009,688037.SH,373.96,249.3
20261009,688038.SH,22.18,14.78
20261009,688039.SH,39.05,26.03
20261009,688041.SH,264.64,176.42
20261009,688045.SH,64.02,42.68
20261009,688046.SH,42.6,28.4
20261009,688047.SH,114.24,76.16
20261009,688048.SH,278.11,185.41
20261009,688049.SH,50.94,33.96
20261009,688050.SH,45.35,30.23
20261009,688051.SH,29.4,19.6
20261009,688052.SH,251.72,167.82
20261009,688053.SH,46.26,30.84
20261009,688055.SH,4.21,2.81
20261009,688056.SH,54.34,36.22
20261009,688057.SH,21.52,14.34
20261009,688058.SH,30.3,20.2
20261009,688059.SH,96.24,64.16
20261009,688060.SH,42.82,28.54
20261009,688061.SH,48.16,32.1
20261009,688062.SH,29.2,19.46
20261009,688063.SH,49.44,32.96
20261009,688065.SH,45.26,30.18
20261009,688066.SH,11.0,7.34
20261009,688067.SH,29.04,19.36
20261009,688068.SH,102.58,68.38
20261009,688069.SH,40.88,27.26
20261009,688070.SH,40.22,26.82
20261009,688071.SH,40.45,26.97
20261009,688072.SH,739.28,492.86
20261009,688073.SH,84.96,56.64
20261009,688075.SH,36.77,24.51
20261009,688076.SH,34.72,23.14
20261009,688077.SH,32.28,21.52
20261009,688078.SH,36.38,24.26
20261009,688079.SH,17.45,11.63
20261009,688080.SH,43.0,28.66
20261009,688081.SH,29.63,19.75
20261009,688082.SH,327.86,218.58
20261009,688083.SH,57.34,38.22
20261009,688084.SH,48.26,32.18
20261009,688085.SH,15.59,10.39
20261009,688087.SH,37.74,25.16
20261009,688088.SH,32.88,21.92
20261009,688089.SH,10.0,6.66
20261009,688090.SH,80.56,53.7
20261009,688091.SH,43.9,29.26
20261009,688092.SH,26.56,17.7
20261009,688093.SH,25.44,16.96
20261009,688095.SH,62.76,41.84
20261009,688096.SH,9.64,6.42
20261009,688097.SH,47.52,31.68
20261009,688098.SH,10.09,6.73
20261009,688099.SH,113.48,75.66
20261009,688100.SH,29.11,19.41
20261009,688101.SH,17.12,11.42
20261009,688102.SH,34.12,22.74
20261009,688103.SH,84.62,56.42
20261009,688105.SH,31.44,20.96
20261009,688106.SH,29.04,19.36
20261009,688107.SH,31.85,21.23
20261009,688108.SH,18.53,12.35
20261009,688109.SH,77.05,51.37
20261009,688110.SH,126.88,84.58
20261009,688111.SH,262.79,175.19
20261009,688112.SH,110.02,73.34
20261009,688113.SH,43.76,29.18
20261009,688114.SH,79.87,53.25
20261009,688115.SH,72.31,48.21
20261009,688116.SH,40.74,27.16
20261009,688117.SH,21.58,14.38
20261009,688118.SH,23.33,15.55
20261009,688119.SH,4.48,2.98
20261009,688120.SH,266.76,177.84
20261009,688121.SH,1.3,0.86
20261009,688122.SH,62.66,41.78
20261009,688123.SH,180.64,120.42
20261009,688125.SH,128.18,85.46
20261009,688126.SH,25.88,17.26
20261009,688127.SH,69.52,46.34
20261009,688128.SH,26.29,17.53
20261009,688129.SH,26.84,17.9
20261009,688130.SH,29.45,19.63
20261009,688131.SH,112.98,75.32
20261009,688132.SH,18.91,12.61
20261009,688133.SH,24.77,16.51
20261009,688135.SH,42.37,28.25
20261009,688136.SH,28.03,18.69
20261009,688137.SH,180.0,120.0
20261009,688138.SH,40.64,27.1
20261009,688139.SH,41.7,27.8
20261009,688141.SH,108.47,72.31
20261009,688143.SH,192.35,128.23
20261009,688146.SH,219.85,146.57
20261009,688147.SH,107.1,71.4
20261009,688148.SH,7.27,4.85
20261009,688150.SH,44.33,29.55
20261009,688151.SH,19.74,13.16
20261009,688152.SH,45.85,30.57
20261009,688153.SH,29.2,19.46
20261009,688155.SH,68.35,45.57
20261009,688156.SH,29.23,19.49
20261009,688157.SH,22.18,14.78
20261009,688158.SH,32.68,21.78
20261009,688159.SH,41.6,27.74
20261009,688160.SH,105.13,70.09
20261009,688161.SH,26.76,17.84
20261009,688162.SH,29.94,19.96
20261009,688163.SH,42.36,28.24
20261009,688165.SH,17.18,11.46
20261009,688166.SH,40.12,26.74
20261009,688167.SH,293.86,195.9
20261009,688168.SH,47.33,31.55
20261009,688169.SH,128.58,85.72
20261009,688170.SH,71.03,47.35
20261009,688171.SH,28.97,19.31
20261009,688172.SH,48.42,32.28
20261009,688173.SH,14.78,9.86
20261009,688175.SH,37.13,24.75
20261009,688176.SH,15.53,10.35
20261009,688177.SH,23.08,15.38
20261009,688178.SH,34.02,22.68
20261009,688179.SH,24.16,16.1
20261009,688180.SH,40.1,26.74
20261009,688181.SH,47.64,31.76
20261009,688182.SH,30.72,20.48
20261009,688183.SH,126.26,84.18
20261009,688184.SH,13.08,8.72
20261009,688185.SH,119.47,79.65
20261009,688186.SH,16.99,11.33
20261009,688187.SH,53.0,35.34
20261009,688188.SH,113.52,75.68
20261009,688189.SH,7.66,5.1
20261009,688190.SH,78.19,52.13
20261009,688191.SH,22.1,14.74
20261009,688192.SH,69.96,46.64
20261009,688193.SH,62.3,41.54
20261009,688195.SH,190.44,126.96
20261009,688196.SH,43.34,28.9
20261009,688197.SH,41.7,27.8
20261009,688198.SH,81.12,54.08
20261009,688199.SH,30.49,20.33
20261009,688200.SH,440.51,293.67
20261009,688201.SH,9.06,6.04
20261009,688202.SH,127.0,84.66
20261009,688203.SH,22.14,14.76
20261009,688205.SH,220.24,146.82
20261009,688206.SH,39.68,26.46
20261009,688207.SH,21.7,14.46
20261009,688208.SH,28.62,19.08
20261009,688209.SH,34.87,23.25
20261009,688210.SH,30.49,20.33
20261009,688211.SH,37.2,24.8
20261009,688212.SH,32.27,21.51
20261009,688213.SH,114.19,76.13
20261009,688215.SH,49.37,32.91
20261009,688216.SH,43.14,28.76
20261009,688217.SH,30.29,20.19
20261009,688218.SH,49.2,32.8
20261009,688219.SH,12.18,8.12
20261009,688220.SH,101.65,67.77
20261009,688221.SH,19.02,12.68
20261009,688222.SH,50.3,33.54
20261009,688223.SH,4.55,3.03
20261009,688225.SH,17.88,11.92
20261009,688226.SH,35.0,23.34
20261009,688227.SH,80.86,53.9
20261009,688228.SH,103.08,68.72
20261009,688229.SH,68.69,45.79
20261009,688230.SH,65.99,43.99
20261009,688231.SH,36.29,24.19
20261009,688232.SH,21.1,14.06
20261009,688233.SH,100.0,66.66
20261009,688234.SH,123.0,82.0
20261009,688235.SH,300.67,200.45
20261009,688236.SH,16.86,11.24
20261009,688237.SH,70.66,47.1
20261009,688238.SH,9.91,6.61
20261009,688239.SH,61.84,41.22
20261009,688244.SH,24.78,16.52
20261009,688246.SH,21.95,14.63
20261009,688247.SH,11.54,7.7
20261009,688248.SH,57.76,38.5
20261009,688249.SH,36.01,24.01
20261009,688251.SH,21.6,14.4
20261009,688252.SH,23.47,15.65
20261009,688253.SH,62.82,41.88
20261009,688255.SH,29.92,19.94
20261009,688256.SH,1177.2,784.8
20261009,688257.SH,60.6,40.4
20261009,688258.SH,94.58,63.06
20261009,688259.SH,37.08,24.72
20261009,688260.SH,115.81,77.21
20261009,688261.SH,82.06,54.7
20261009,688262.SH,30.44,20.3
20261009,688265.SH,73.33,48.89
20261009,688266.SH,123.95,82.63
20261009,688267.SH,25.2,16.8
20261009,688268.SH,140.04,93.36
20261009,688269.SH,30.14,20.1
20261009,688270.SH,63.5,42.34
20261009,688271.SH,127.7,85.14
20261009,688272.SH,33.42,22.28
20261009,688273.SH,33.95,22.63
20261009,688275.SH,83.98,55.98
20261009,688276.SH,20.8,13.86
20261009,688277.SH,17.83,11.89
20261009,688278.SH,60.96,40.64
20261009,688279.SH,227.6,151.74
20261009,688280.SH,5.8,3.86
20261009,688281.SH,57.84,38.56
20261009,688282.SH,59.6,39.74
20261009,688283.SH,32.34,21.56
20261009,688285.SH,9.12,6.08
20261009,688286.SH,57.43,38.29
20261009,688288.SH,23.4,15.6
20261009,688289.SH,19.79,13.19
20261009,688290.SH,65.14,43.42
20261009,688291.SH,44.54,29.7
20261009,688292.SH,24.85,16.57
20261009,688293.SH,87.07,58.05
20261009,688295.SH,41.71,27.81
20261009,688296.SH,29.52,19.68
20261009,688297.SH,49.88,33.26
20261009,688298.SH,22.94,15.3
20261009,688299.SH,15.36,10.24
20261009,688300.SH,167.23,111.49
20261009,688301.SH,96.49,64.33
20261009,688302.SH,37.88,25.26
20261009,688303.SH,18.88,12.58
20261009,688305.SH,63.6,42.4
20261009,688306.SH,11.42,7.62
20261009,688307.SH,49.78,33.18
20261009,688308.SH,89.44,59.62
20261009,688309.SH,87.46,58.3
20261009,688310.SH,17.66,11.78
20261009,688311.SH,28.09,18.73
20261009,688312.SH,51.36,34.24
20261009,688313.SH,153.12,102.08
20261009,688314.SH,34.82,23.22
20261009,688315.SH,22.72,15.14
20261009,688316.SH,54.53,36.35
20261009,688317.SH,22.38,14.92
20261009,688318.SH,83.59,55.73
20261009,688319.SH,35.84,23.9
20261009,688320.SH,39.6,26.4
20261009,688321.SH,28.87,19.25
20261009,688322.SH,96.04,64.02
20261009,688323.SH,27.58,18.38
20261009,688325.SH,126.0,84.0
20261009,688326.SH,65.86,43.9
20261009,688327.SH,11.34,7.56
20261009,688328.SH,89.89,59.93
20261009,688329.SH,28.09,18.73
20261009,688330.SH,42.6,28.4
20261009,688331.SH,133.45,88.97
20261009,688332.SH,95.86,63.9
20261009,688333.SH,112.16,74.78
20261009,688334.SH,21.77,14.51
20261009,688335.SH,21.04,14.02
20261009,688336.SH,45.48,30.32
20261009,688337.SH,52.8,35.2
20261009,688338.SH,36.54,24.36
20261009,688339.SH,24.42,16.28
20261009,688343.SH,67.2,44.8
20261009,688345.SH,55.49,36.99
20261009,688347.SH,236.65,157.77
20261009,688348.SH,36.12,24.08
20261009,688349.SH,15.96,10.64
20261009,688350.SH,33.86,22.58
20261009,688351.SH,20.09,13.39
20261009,688352.SH,18.96,12.64
20261009,688353.SH,103.45,68.97
20261009,688355.SH,20.18,13.46
20261009,688356.SH,130.57,87.05
20261009,688357.SH,31.66,21.1
20261009,688358.SH,33.35,22.23
20261009,688359.SH,119.99,79.99
20261009,688360.SH,19.31,12.87
20261009,688361.SH,397.78,265.18
20261009,688362.SH,61.1,40.74
20261009,688363.SH,41.4,27.6
20261009,688365.SH,17.35,11.57
20261009,688366.SH,35.74,23.82
20261009,688367.SH,36.1,24.06
20261009,688368.SH,134.38,89.58
20261009,688369.SH,22.51,15.01
20261009,688370.SH,34.57,23.05
20261009,688371.SH,25.7,17.14
20261009,688372.SH,115.66,77.1
20261009,688373.SH,6.67,4.45
20261009,688375.SH,83.04,55.36
20261009,688376.SH,64.3,42.86
20261009,688377.SH,20.02,13.34
20261009,688378.SH,52.9,35.26
20261009,688379.SH,60.31,40.21
20261009,688380.SH,44.75,29.83
20261009,688381.SH,44.54,29.7
20261009,688382.SH,20.8,13.86
20261009,688383.SH,143.06,95.38
20261009,688385.SH,65.18,43.46
20261009,688386.SH,52.91,35.27
20261009,688387.SH,14.68,9.78
20261009,688388.SH,31.74,21.16
20261009,688389.SH,13.64,9.1
20261009,688390.SH,65.7,43.8
20261009,688391.SH,30.25,20.17
20261009,688392.SH,180.48,120.32
20261009,688393.SH,26.36,17.58
20261009,688395.SH,30.9,20.6
20261009,688396.SH,62.42,41.62
20261009,688398.SH,25.55,17.03
20261009,688399.SH,32.66,21.78
20261009,688400.SH,47.98,31.98
20261009,688401.SH,72.04,48.02
20261009,688403.SH,23.5,15.66
20261009,688408.SH,27.1,18.06
20261009,688409.SH,190.76,127.18
20261009,688410.SH,10.78,7.18
20261009,688411.SH,196.56,131.04
20261009,688416.SH,80.36,53.58
20261009,688418.SH,33.8,22.54
20261009,688419.SH,55.16,36.78
20261009,688420.SH,27.16,18.1
20261009,688425.SH,4.75,3.17
20261009,688426.SH,25.63,17.09
20261009,688428.SH,32.44,21.62
20261009,688429.SH,11.59,7.73
20261009,688432.SH,53.92,35.94
20261009,688433.SH,90.54,60.36
20261009,688435.SH,34.63,23.09
20261009,688439.SH,42.95,28.63
20261009,688443.SH,30.66,20.44
20261009,688448.SH,79.19,52.79
20261009,688449.SH,63.06,42.04
20261009,688450.SH,36.47,24.31
20261009,688455.SH,20.8,13.86
20261009,688456.SH,77.51,51.67
20261009,688458.SH,41.39,27.59
20261009,688459.SH,9.84,6.56
20261009,688466.SH,17.03,11.35
20261009,688468.SH,7.92,5.28
20261009,688469.SH,10.03,6.69
20261009,688472.SH,10.0,6.66
20261009,688475.SH,32.02,21.34
20261009,688478.SH,55.52,37.02
20261009,688479.SH,38.48,25.66
20261009,688480.SH,75.42,50.28
20261009,688484.SH,36.84,24.56
20261009,688485.SH,124.8,83.2
20261009,688486.SH,54.6,36.4
20261009,688488.SH,18.46,12.3
20261009,688489.SH,31.67,21.11
20261009,688496.SH,0.7,0.46
20261009,688498.SH,1548.48,1032.32
20261009,688499.SH,53.99,35.99
20261009,688500.SH,35.84,23.9
20261009,688501.SH,18.1,12.06
20261009,688502.SH,447.72,298.48
20261009,688503.SH,78.72,52.48
20261009,688505.SH,9.91,6.61
20261009,688506.SH,272.52,181.68
20261009,688507.SH,150.54,100.36
20261009,688508.SH,87.42,58.28
20261009,688509.SH,4.98,3.32
20261009,688510.SH,27.0,18.0
20261009,688511.SH,24.72,16.48
20261009,688512.SH,19.62,13.08
20261009,688513.SH,57.0,38.0
20261009,688515.SH,152.39,101.59
20261009,688516.SH,48.37,32.25
20261009,688517.SH,21.88,14.58
20261009,688518.SH,23.29,15.53
20261009,688519.SH,332.23,221.49
20261009,688520.SH,41.64,27.76
20261009,688521.SH,184.07,122.71
20261009,688522.SH,21.37,14.25
20261009,688523.SH,45.3,30.2
20261009,688525.SH,219.82,146.54
20261009,688526.SH,14.75,9.83
20261009,688528.SH,12.37,8.25
20261009,688529.SH,17.74,11.82
20261009,688530.SH,60.79,40.53
20261009,688531.SH,143.2,95.46
20261009,688533.SH,23.56,15.7
20261009,688535.SH,109.63,73.09
20261009,688536.SH,336.0,224.0
20261009,688538.SH,2.47,1.65
20261009,688539.SH,27.52,18.34
20261009,688543.SH,49.12,32.74
20261009,688545.SH,79.52,53.02
20261009,688548.SH,35.0,23.34
20261009,688549.SH,24.1,16.06
20261009,688550.SH,42.36,28.24
20261009,688551.SH,42.84,28.56
20261009,688552.SH,34.21,22.81
20261009,688553.SH,13.86,9.24
20261009,688556.SH,8.52,5.68
20261009,688557.SH,24.4,16.26
20261009,688558.SH,38.21,25.47
20261009,688559.SH,56.94,37.96
20261009,688560.SH,15.43,10.29
20261009,688561.SH,33.52,22.34
20261009,688562.SH,16.86,11.24
20261009,688563.SH,58.8,39.2
20261009,688565.SH,13.66,9.1
20261009,688566.SH,32.71,21.81
20261009,688567.SH,11.32,7.54
20261009,688568.SH,35.98,23.98
20261009,688569.SH,21.91,14.61
20261009,688570.SH,17.17,11.45
20261009,688571.SH,9.67,6.45
20261009,688573.SH,21.7,14.46
20261009,688575.SH,12.61,8.41
20261009,688576.SH,47.39,31.59
20261009,688577.SH,45.37,30.25
20261009,688578.SH,107.11,71.41
20261009,688579.SH,9.34,6.22
20261009,688580.SH,49.94,33.3
20261009,688581.SH,65.62,43.74
20261009,688582.SH,41.36,27.58
20261009,688583.SH,90.12,60.08
20261009,688584.SH,29.68,19.78
20261009,688585.SH,143.11,95.41
20261009,688586.SH,12.9,8.6
20261009,688588.SH,10.52,7.02
20261009,688589.SH,23.81,15.87
20261009,688590.SH,13.87,9.25
20261009,688591.SH,35.06,23.38
20261009,688592.SH,26.32,17.54
20261009,688593.SH,35.3,23.54
20261009,688595.SH,34.0,22.66
20261009,688596.SH,65.34,43.56
20261009,688597.SH,7.42,4.94
20261009,688598.SH,35.96,23.98
20261009,688599.SH,13.02,8.68
20261009,688600.SH,38.64,25.76
20261009,688601.SH,66.61,44.41
20261009,688602.SH,8.05,5.37
20261009,688603.SH,123.83,82.55
20261009,688605.SH,92.14,61.42
20261009,688606.SH,61.32,40.88
20261009,688607.SH,42.29,28.19
20261009,688608.SH,131.24,87.5
20261009,688609.SH,10.32,6.88
20261009,688610.SH,162.52,108.34
20261009,688611.SH,71.4,47.6
20261009,688612.SH,36.54,24.36
20261009,688613.SH,22.94,15.3
20261009,688615.SH,95.11,63.41
20261009,688616.SH,13.32,8.88
20261009,688617.SH,293.28,195.52
20261009,688618.SH,33.23,22.15
20261009,688619.SH,15.65,10.43
20261009,688620.SH,17.54,11.7
20261009,688621.SH,81.25,54.17
20261009,688622.SH,134.52,89.68
20261009,688623.SH,77.14,51.42
20261009,688625.SH,79.88,53.26
20261009,688626.SH,48.4,32.26
20261009,688627.SH,481.76,321.18
20261009,688628.SH,96.49,64.33
20261009,688629.SH,116.94,77.96
20261009,688630.SH,440.12,293.42
20261009,688631.SH,42.73,28.49
20261009,688633.SH,26.14,17.42
20261009,688635.SH,276.43,184.29
20261009,688636.SH,22.7,15.14
20261009,688638.SH,41.78,27.86
20261009,688639.SH,22.51,15.01
20261009,688646.SH,86.4,57.6
20261009,688648.SH,33.08,22.06
20261009,688651.SH,28.39,18.93
20261009,688652.SH,154.97,103.31
20261009,688653.SH,16.2,10.8
20261009,688655.SH,81.37,54.25
20261009,688656.SH,151.81,101.21
20261009,688657.SH,39.0,26.0
20261009,688658.SH,15.82,10.54
20261009,688659.SH,10.85,7.23
20261009,688660.SH,10.68,7.12
20261009,688661.SH,111.48,74.32
20261009,688662.SH,134.57,89.71
20261009,688663.SH,66.72,44.48
20261009,688665.SH,48.8,32.54
20261009,688667.SH,113.44,75.62
20261009,688668.SH,236.34,157.56
20261009,688669.SH,72.65,48.43
20261009,688670.SH,21.86,14.58
20261009,688671.SH,29.59,19.73
20261009,688676.SH,73.38,48.92
20261009,688677.SH,83.18,55.46
20261009,688678.SH,35.09,23.39
20261009,688679.SH,44.05,29.37
20261009,688680.SH,45.71,30.47
20261009,688681.SH,18.43,12.29
20261009,688682.SH,39.77,26.51
20261009,688683.SH,34.94,23.3
20261009,688685.SH,42.71,28.47
20261009,688686.SH,148.37,98.91
20261009,688687.SH,21.85,14.57
20261009,688689.SH,44.26,29.5
20261009,688690.SH,52.88,35.26
20261009,688691.SH,65.74,43.82
20261009,688692.SH,210.84,140.56
20261009,688693.SH,80.52,53.68
20261009,688695.SH,23.75,15.83
20261009,688696.SH,95.0,63.34
20261009,688697.SH,16.9,11.26
20261009,688698.SH,47.66,31.78
20261009,688699.SH,68.6,45.74
20261009,688700.SH,69.6,46.4
20261009,688701.SH,10.13,6.75
20261009,688702.SH,322.37,214.91
20261009,688707.SH,13.34,8.9
20261009,688708.SH,45.02,30.02
20261009,688709.SH,29.09,19.39
20261009,688710.SH,128.65,85.77
20261009,688711.SH,28.92,19.28
20261009,688712.SH,35.96,23.98
20261009,688716.SH,29.51,19.67
20261009,688717.SH,48.88,32.58
20261009,688718.SH,17.47,11.65
20261009,688719.SH,63.44,42.3
20261009,688720.SH,70.44,46.96
20261009,688721.SH,43.61,29.07
20261009,688722.SH,17.29,11.53
20261009,688726.SH,52.02,34.68
20261009,688727.SH,49.91,33.27
20261009,688728.SH,15.79,10.53
20261009,688729.SH,24.84,16.56
20261009,688733.SH,34.48,22.98
20261009,688737.SH,19.81,13.21
20261009,688739.SH,25.07,16.71
20261009,688750.SH,16.46,10.98
20261009,688755.SH,35.18,23.46
20261009,688757.SH,31.26,20.84
20261009,688758.SH,35.72,23.82
20261009,688759.SH,24.88,16.58
20261009,688765.SH,43.48,28.98
20261009,688766.SH,400.55,267.03
20261009,688767.SH,48.46,32.3
20261009,688768.SH,62.3,41.54
20261009,688772.SH,16.68,11.12
20261009,688775.SH,107.45,71.63
20261009,688776.SH,54.04,36.02
20261009,688777.SH,92.5,61.66
20261009,688778.SH,55.54,37.02
20261009,688779.SH,9.17,6.11
20261009,688781.SH,47.04,31.36
20261009,688783.SH,30.01,20.01
20261009,688785.SH,402.6,268.4
20261009,688786.SH,30.72,20.48
20261009,688787.SH,96.54,64.36
20261009,688788.SH,32.84,21.9
20261009,688789.SH,57.7,38.46
20261009,688790.SH,113.4,75.6
20261009,688793.SH,21.16,14.1
20261009,688795.SH,446.4,297.6
20261009,688796.SH,147.6,98.4
20261009,688797.SH,274.78,183.18
20261009,688798.SH,61.57,41.05
20261009,688799.SH,63.6,42.4
20261009,688800.SH,63.34,42.22
20261009,688801.SH,511.92,341.28
20261009,688802.SH,561.1,374.06
20261009,688805.SH,45.88,30.58
20261009,688806.SH,32.58,21.72
20261009,688807.SH,321.89,214.59
20261009,688808.SH,1704.0,1136.0
20261009,688809.SH,564.0,376.0
20261009,688811.SH,22.48,14.98
20261009,688813.SH,147.44,98.3
20261009,688816.SH,56.33,37.55
20261009,688818.SH,50.16,33.44
20261009,688819.SH,25.18,16.78
20261009,688820.SH,127.14,84.76
20261009,688825.SH,60.62,40.42
20261009,688826.SH,793.22,528.82
20261009,688828.SH,96.0,64.0
20261009,688835.SH,411.68,274.46
20261009,688836.SH,513.36,342.24
20261009,688837.SH,59.52,39.68
20261009,688981.SH,128.5,85.66
20261009,689009.SH,43.87,29.25
20261009,900901.BJ,0.662,0.542
20261009,900902.BJ,0.175,0.143
20261009,900903.BJ,0.197,0.161
20261009,900904.BJ,0.483,0.395
20261009,900905.BJ,2.882,2.358
20261009,900906.BJ,0.213,0.175
20261009,900908.BJ,0.647,0.529
20261009,900909.BJ,0.549,0.449
20261009,900910.BJ,0.689,0.563
20261009,900911.BJ,0.769,0.629
20261009,900912.BJ,0.706,0.578
20261009,900913.BJ,0.239,0.195
20261009,900914.BJ,0.465,0.381
20261009,900915.BJ,0.294,0.24
20261009,900916.BJ,0.609,0.499
20261009,900917.BJ,0.274,0.224
20261009,900918.BJ,0.343,0.281
20261009,900920.BJ,0.295,0.241
20261009,900921.BJ,0.205,0.167
20261009,900922.BJ,0.715,0.585
20261009,900923.BJ,0.628,0.514
20261009,900924.BJ,0.328,0.268
20261009,900925.BJ,1.285,1.051
20261009,900926.BJ,0.878,0.718
20261009,900927.BJ,0.353,0.289
20261009,900928.BJ,0.634,0.518
20261009,900929.BJ,0.98,0.802
20261009,900932.BJ,0.454,0.372
20261009,900934.BJ,1.608,1.316
20261009,900936.BJ,1.439,1.177
20261009,900937.BJ,0.216,0.176
20261009,900938.BJ,0.245,0.201
20261009,900939.BJ,0.452,0.37
20261009,900940.BJ,0.239,0.195
20261009,900941.BJ,0.528,0.432
20261009,900942.BJ,0.714,0.584
20261009,900943.BJ,0.47,0.384
20261009,900945.BJ,0.219,0.179
20261009,900946.BJ,0.21,0.172
20261009,900947.BJ,0.278,0.228
20261009,900948.BJ,4.2,3.436
20261009,920000.BJ,18.07,9.73
20261009,920001.BJ,14.13,7.61
20261009,920002.BJ,63.88,34.4
20261009,920003.BJ,20.78,11.2
20261009,920005.BJ,30.73,16.55
20261009,920006.BJ,21.84,11.76
20261009,920007.BJ,41.53,22.37
20261009,920008.BJ,26.58,14.32
20261009,920009.BJ,44.36,23.9
20261009,920010.BJ,12.15,6.55
20261009,920011.BJ,22.55,12.15
20261009,920012.BJ,61.23,32.97
20261009,920014.BJ,11.24,6.06
20261009,920015.BJ,53.27,28.69
20261009,920016.BJ,19.17,10.33
20261009,920017.BJ,20.26,10.92
20261009,920018.BJ,19.01,10.25
20261009,920019.BJ,19.78,10.66
20261009,920020.BJ,19.11,10.29
20261009,920021.BJ,9.55,5.15
20261009,920022.BJ,21.68,11.68
20261009,920023.BJ,1.79,0.97
20261009,920025.BJ,16.4,8.84
20261009,920026.BJ,21.32,11.48
20261009,920027.BJ,14.56,7.84
20261009,920028.BJ,19.69,10.61
20261009,920029.BJ,41.73,22.47
20261009,920030.BJ,6.38,3.44
20261009,920033.BJ,17.01,9.17
20261009,920035.BJ,30.23,16.29
20261009,920036.BJ,39.1,21.06
20261009,920037.BJ,47.63,25.65
20261009,920038.BJ,48.43,26.09
20261009,920039.BJ,9.58,5.16
20261009,920045.BJ,626.15,337.17
20261009,920046.BJ,24.99,13.47
20261009,920047.BJ,19.25,10.37
20261009,920050.BJ,36.38,19.6
20261009,920055.BJ,32.26,17.38
20261009,920056.BJ,18.59,10.01
20261009,920057.BJ,6.01,3.25
20261009,920058.BJ,29.25,15.75
20261009,920059.BJ,15.57,8.39
20261009,920060.BJ,32.9,17.72
20261009,920061.BJ,22.46,12.1
20261009,920062.BJ,9.06,4.88
20261009,920065.BJ,41.78,22.5
20261009,920066.BJ,26.78,14.42
20261009,920068.BJ,19.29,10.39
20261009,920069.BJ,40.2,21.66
20261009,920071.BJ,33.15,17.85
20261009,920072.BJ,29.06,15.66
20261009,920075.BJ,20.05,10.81
20261009,920076.BJ,15.95,8.59
20261009,920077.BJ,16.93,9.13
20261009,920078.BJ,22.08,11.9
20261009,920079.BJ,16.0,8.62
20261009,920080.BJ,25.74,13.86
20261009,920081.BJ,51.58,27.78
20261009,920082.BJ,9.94,5.36
20261009,920083.BJ,45.3,24.4
20261009,920086.BJ,25.85,13.93
20261009,920087.BJ,19.35,10.43
20261009,920088.BJ,54.8,29.52
20261009,920089.BJ,12.88,6.94
20261009,920090.BJ,3.92,2.12
20261009,920091.BJ,35.58,19.16
20261009,920092.BJ,30.35,16.35
20261009,920093.BJ,24.15,13.01
20261009,920096.BJ,38.02,20.48
20261009,920098.BJ,21.85,11.77
20261009,920099.BJ,20.8,11.2
20261009,920100.BJ,36.9,19.88
20261009,920101.BJ,20.83,11.23
20261009,920106.BJ,42.58,22.94
20261009,920107.BJ,24.44,13.16
20261009,920108.BJ,10.93,5.89
20261009,920110.BJ,32.82,17.68
20261009,920111.BJ,32.69,17.61
20261009,920112.BJ,18.74,10.1
20261009,920116.BJ,55.66,29.98
20261009,920117.BJ,36.06,19.42
20261009,920118.BJ,26.48,14.26
20261009,920119.BJ,67.99,36.61
20261009,920121.BJ,34.61,18.65
20261009,920122.BJ,29.35,15.81
20261009,920123.BJ,13.91,7.49
20261009,920124.BJ,15.5,8.36
20261009,920125.BJ,169.13,91.07
20261009,920126.BJ,12.54,6.76
20261009,920128.BJ,23.5,12.66
20261009,920130.BJ,20.28,10.92
20261009,920132.BJ,11.4,6.14
20261009,920136.BJ,26.05,14.03
20261009,920138.BJ,41.99,22.61
20261009,920139.BJ,18.08,9.74
20261009,920145.BJ,12.37,6.67
20261009,920146.BJ,7.35,3.97
20261009,920149.BJ,10.76,5.8
20261009,920152.BJ,15.4,8.3
20261009,920156.BJ,45.11,24.29
20261009,920157.BJ,99999.99,0.0
20261009,920158.BJ,10.04,5.42
20261009,920159.BJ,35.91,19.35
20261009,920160.BJ,24.11,12.99
20261009,920161.BJ,24.5,13.2
20261009,920163.BJ,11.93,6.43
20261009,920165.BJ,40.56,21.84
20261009,920166.BJ,24.99,13.47
20261009,920167.BJ,17.21,9.27
20261009,920168.BJ,19.39,10.45
20261009,920169.BJ,24.94,13.44
20261009,920171.BJ,19.42,10.46
20261009,920174.BJ,39.13,21.07
20261009,920175.BJ,10.14,5.46
20261009,920176.BJ,73.16,39.4
20261009,920177.BJ,28.97,15.61
20261009,920178.BJ,101.27,54.53
20261009,920179.BJ,67.19,36.19
20261009,920180.BJ,14.75,7.95
20261009,920181.BJ,83.35,44.89
20261009,920183.BJ,37.14,20.0
20261009,920184.BJ,14.11,7.61
20261009,920185.BJ,27.31,14.71
20261009,920186.BJ,79.56,42.84
20261009,920187.BJ,21.69,11.69
20261009,920188.BJ,27.37,14.75
20261009,920189.BJ,24.94,13.44
20261009,920190.BJ,28.88,15.56
20261009,920191.BJ,11.11,5.99
20261009,920193.BJ,37.25,20.07
20261009,920195.BJ,15.99,8.61
20261009,920198.BJ,10.01,5.39
20261009,920199.BJ,30.29,16.31
20261009,920200.BJ,39.53,21.29
20261009,920201.BJ,50.71,27.31
20261009,920202.BJ,18.59,10.01
20261009,920204.BJ,16.31,8.79
20261009,920206.BJ,53.02,28.56
20261009,920207.BJ,26.57,14.31
20261009,920208.BJ,13.94,7.52
20261009,920211.BJ,107.64,57.96
20261009,920212.BJ,12.87,6.93
20261009,920218.BJ,18.75,10.11
20261009,920220.BJ,50.59,27.25
20261009,920221.BJ,15.65,8.43
20261009,920222.BJ,32.22,17.36
20261009,920223.BJ,15.87,8.55
20261009,920225.BJ,20.82,11.22
20261009,920227.BJ,61.29,33.01
20261009,920229.BJ,58.48,31.5
20261009,920230.BJ,14.17,7.63
20261009,920237.BJ,16.95,9.13
20261009,920238.BJ,74.85,40.31
20261009,920239.BJ,27.54,14.84
20261009,920242.BJ,17.14,9.24
20261009,920245.BJ,17.3,9.32
20261009,920247.BJ,18.39,9.91
20261009,920249.BJ,11.07,5.97
20261009,920252.BJ,21.87,11.79
20261009,920258.BJ,12.4,6.68
20261009,920260.BJ,10.5,5.66
20261009,920261.BJ,17.25,9.29
20261009,920262.BJ,17.58,9.48
20261009,920263.BJ,8.17,4.41
20261009,920266.BJ,9.28,5.0
20261009,920267.BJ,19.73,10.63
20261009,920268.BJ,36.64,19.74
20261009,920269.BJ,42.32,22.8
20261009,920270.BJ,14.33,7.73
20261009,920271.BJ,11.4,6.14
20261009,920273.BJ,21.85,11.77
20261009,920274.BJ,19.55,10.53
20261009,920275.BJ,8.2,4.42
20261009,920278.BJ,7.91,4.27
20261009,920284.BJ,24.24,13.06
20261009,920288.BJ,22.34,12.04
20261009,920289.BJ,34.89,18.79
20261009,920298.BJ,86.65,46.67
20261009,920299.BJ,17.16,9.24
20261009,920300.BJ,12.25,6.61
20261009,920304.BJ,11.99,6.47
20261009,920339.BJ,13.19,7.11
20261009,920344.BJ,28.87,15.55
20261009,920346.BJ,18.99,10.23
20261009,920351.BJ,15.6,8.4
20261009,920357.BJ,18.46,9.94
20261009,920363.BJ,12.44,6.7
20261009,920367.BJ,31.4,16.92
20261009,920368.BJ,28.99,15.61
20261009,920370.BJ,3.7,2.0
20261009,920371.BJ,9.1,4.9
20261009,920374.BJ,19.21,10.35
20261009,920375.BJ,7.98,4.3
20261009,920378.BJ,9.08,4.9
20261009,920392.BJ,17.09,9.21
20261009,920394.BJ,58.17,31.33
20261009,920395.BJ,8.42,4.54
20261009,920396.BJ,23.62,12.72
20261009,920402.BJ,10.08,5.44
20261009,920403.BJ,25.06,13.5
20261009,920405.BJ,21.65,11.67
20261009,920407.BJ,13.44,7.24
20261009,920414.BJ,10.15,5.47
20261009,920415.BJ,11.1,5.98
20261009,920418.BJ,22.68,12.22
20261009,920419.BJ,13.89,7.49
20261009,920422.BJ,11.96,6.44
20261009,920425.BJ,17.75,9.57
20261009,920427.BJ,12.75,6.87
20261009,920429.BJ,13.59,7.33
20261009,920433.BJ,5.99,3.23
20261009,920436.BJ,13.58,7.32
20261009,920438.BJ,128.5,69.2
20261009,920445.BJ,9.19,4.95
20261009,920454.BJ,14.63,7.89
20261009,920455.BJ,8.41,4.53
20261009,920469.BJ,7.21,3.89
20261009,920471.BJ,14.4,7.76
20261009,920475.BJ,14.2,7.66
20261009,920476.BJ,28.74,15.48
20261009,920478.BJ,13.75,7.41
20261009,920489.BJ,15.45,8.33
20261009,920491.BJ,26.13,14.07
20261009,920493.BJ,135.85,73.15
20261009,920496.BJ,8.12,4.38
20261009,920504.BJ,23.3,12.56
20261009,920505.BJ,31.98,17.22
20261009,920508.BJ,19.4,10.46
20261009,920509.BJ,28.5,15.36
20261009,920510.BJ,23.82,12.84
20261009,920519.BJ,14.11,7.61
20261009,920522.BJ,28.09,15.13
20261009,920523.BJ,20.82,11.22
20261009,920526.BJ,26.39,14.21
20261009,920527.BJ,18.57,10.01
20261009,920533.BJ,20.5,11.04
20261009,920541.BJ,12.12,6.54
20261009,920547.BJ,24.73,13.33
20261009,920553.BJ,8.45,4.55
20261009,920556.BJ,8.21,4.43
20261009,920564.BJ,17.09,9.21
20261009,920566.BJ,11.86,6.4
20261009,920570.BJ,32.05,17.27
20261009,920571.BJ,11.42,6.16
20261009,920575.BJ,6.37,3.43
20261009,920576.BJ,47.72,25.7
20261009,920578.BJ,21.25,11.45
20261009,920579.BJ,17.57,9.47
20261009,920580.BJ,13.88,7.48
20261009,920592.BJ,30.94,16.66
20261009,920593.BJ,29.31,15.79
20261009,920599.BJ,22.56,12.16
20261009,920608.BJ,17.36,9.36
20261009,920627.BJ,23.17,12.49
20261009,920634.BJ,19.69,10.61
20261009,920639.BJ,7.93,4.27
20261009,920640.BJ,33.61,18.11
20261009,920641.BJ,16.75,9.03
20261009,920642.BJ,12.27,6.61
20261009,920651.BJ,24.06,12.96
20261009,920656.BJ,19.25,10.37
20261009,920662.BJ,22.89,12.33
20261009,920663.BJ,15.31,8.25
20261009,920665.BJ,10.64,5.74
20261009,920670.BJ,15.83,8.53
20261009,920675.BJ,9.41,5.07
20261009,920679.BJ,20.08,10.82
20261009,920682.BJ,7.41,3.99
20261009,920685.BJ,16.05,8.65
20261009,920689.BJ,24.63,13.27
20261009,920690.BJ,19.39,10.45
20261009,920693.BJ,29.7,16.0
20261009,920694.BJ,20.95,11.29
20261009,920699.BJ,73.68,39.68
20261009,920701.BJ,13.23,7.13
20261009,920703.BJ,12.46,6.72
20261009,920706.BJ,20.31,10.95
20261009,920717.BJ,8.77,4.73
20261009,920718.BJ,13.19,7.11
20261009,920719.BJ,10.08,5.44
20261009,920720.BJ,9.84,5.3
20261009,920725.BJ,100.41,54.07
20261009,920726.BJ,19.48,10.5
20261009,920729.BJ,9.23,4.97
20261009,920735.BJ,33.7,18.16
20261009,920748.BJ,42.21,22.73
20261009,920751.BJ,20.12,10.84
20261009,920753.BJ,18.92,10.2
20261009,920765.BJ,14.09,7.59
20261009,920768.BJ,9.25,4.99
20261009,920770.BJ,13.03,7.03
20261009,920779.BJ,43.06,23.2
20261009,920781.BJ,7.18,3.88
20261009,920786.BJ,9.65,5.21
20261009,920790.BJ,27.43,14.77
20261009,920792.BJ,12.01,6.47
20261009,920799.BJ,38.19,20.57
20261009,920802.BJ,13.78,7.42
20261009,920806.BJ,12.84,6.92
20261009,920807.BJ,11.51,6.21
20261009,920808.BJ,70.83,38.15
20261009,920809.BJ,9.23,4.97
20261009,920810.BJ,10.66,5.74
20261009,920819.BJ,3.96,2.14
20261009,920821.BJ,24.36,13.12
20261009,920826.BJ,10.76,5.8
20261009,920832.BJ,8.25,4.45
20261009,920833.BJ,12.35,6.65
20261009,920834.BJ,10.62,5.72
20261009,920837.BJ,12.57,6.77
20261009,920839.BJ,29.99,16.15
20261009,920855.BJ,16.15,8.71
20261009,920856.BJ,13.59,7.33
20261009,920857.BJ,20.28,10.92
20261009,920866.BJ,8.03,4.33
20261009,920870.BJ,14.58,7.86
20261009,920871.BJ,14.46,7.8
20261009,920873.BJ,9.25,4.99
20261009,920876.BJ,20.46,11.02
20261009,920879.BJ,15.91,8.57
20261009,920885.BJ,14.88,8.02
20261009,920892.BJ,14.31,7.71
20261009,920895.BJ,25.75,13.87
20261009,920896.BJ,15.39,8.29
20261009,920906.BJ,19.08,10.28
20261009,920914.BJ,22.52,12.14
20261009,920924.BJ,17.83,9.61
20261009,920925.BJ,14.17,7.63
20261009,920926.BJ,13.18,7.1
20261009,920931.BJ,12.71,6.85
20261009,920932.BJ,12.94,6.98
20261009,920942.BJ,21.29,11.47
20261009,920943.BJ,17.84,9.62
20261009,920946.BJ,13.92,7.5
20261009,920950.BJ,16.57,8.93
20261009,920953.BJ,28.54,15.38
20261009,920957.BJ,12.22,6.58
20261009,920961.BJ,26.81,14.45
20261009,920964.BJ,6.17,3.33
20261009,920970.BJ,7.99,4.31
20261009,920971.BJ,33.29,17.93
20261009,920974.BJ,7.93,4.27
20261009,920976.BJ,28.76,15.5
20261009,920978.BJ,22.06,11.88
20261009,920981.BJ,35.67,19.21
20261009,920982.BJ,171.6,92.4
20261009,920985.BJ,5.94,3.2
20261009,920992.BJ,16.71,9.01
